4160	6747
7781	7791
1355	1524
3897	5473
8773	8008
2324	3376
5104	779
2981	3626
3650	255
7593	2767
5263	255
318	5270
4146	2430
7702	8597
2912	7772
1912	1993
7085	5613
3525	7371
3975	2508
1354	1138
7033	8830
448	445
4464	231
9586	6713
1555	9871
616	7243
1183	826
3596	3592
2481	8229
8989	8593
225	2267
7032	5275
3473	1119
6599	9201
6943	8919
2758	2747
7204	8319
1456	3794
8443	4832
9478	7216
7367	8408
8010	716
1262	3548
3522	4974
241	9576
9892	6163
2464	242
5112	6681
1311	4086
4209	5942
9883	3081
1720	1652
4645	7102
3587	4748
4617	7092
4701	3134
111	835
1358	2962
1360	3767
4721	2860
3341	2313
1105	1378
8274	7101
9172	5239
325	3387
1870	2211
840	8496
7698	4960
2552	2067
3044	3625
4512	5330
2906	4222
3783	255
6511	6986
2871	2285
3652	2846
3996	1720
4244	5977
7586	7260
7967	5705
2367	4870
4059	6349
5208	9154
5695	7135
6695	1129
2862	7178
8841	9052
4483	237
4910	7748
8600	1444
6605	974
3055	5030
5163	820
5189	828
3903	5495
6887	4590
1921	3227
7030	7031
8638	3927
2189	2341
9805	7735
3189	4682
6282	255
8219	4816
5739	5630
5488	7016
4217	4871
5959	255
7743	3636
3624	389
1117	3612
1701	1095
4686	3391
7092	4617
6589	9760
7658	1655
568	566
3255	4742
5265	2149
7033	8888
2138	2902
9965	7079
4995	9552
4096	3959
8526	4342
4618	6084
8686	901
6518	2735
5419	3542
1219	4136
8616	5630
7416	9473
4100	5698
8380	8940
3079	8309
9971	9372
6985	8194
3642	7743
3009	3005
889	8074
9375	9250
6865	1079
8020	2458
8443	2837
9135	3546
6736	6200
1358	1968
3400	629
4073	4072
2963	3544
6009	3149
8009	8976
3399	2672
8748	8745
406	5687
8251	5909
8673	7784
3417	6331
51	0
5440	1244
647	1524
6914	8135
3654	4836
929	1499
4746	5870
2228	9362
5660	9548
9994	6882
4264	1945
6215	7744
6332	6365
6307	6570
9179	9151
559	3686
7907	8727
9887	1598
3178	5545
643	8083
3069	4531
5676	1785
4590	2150
2264	3169
7053	8233
7987	6536
908	1615
9820	8996
2929	2214
882	3520
352	5491
7522	6189
2523	3870
7598	8558
1350	2511
4707	745
3494	3501
1922	1911
3492	5804
6196	2962
6321	4475
7987	5532
5706	6193
9907	7138
5337	6912
9184	9182
3365	8798
60	2519
2239	2319
6182	6157
6146	3387
6959	8186
1945	6218
2993	339
7549	4658
2233	3026
1900	5046
2283	4823
6249	1552
2781	2082
4436	6138
4139	583
9571	8972
6043	6607
7029	584
1596	1231
1947	1611
616	7248
1543	4392
448	449
1194	6910
3603	5414
9757	9395
4335	5396
6310	6527
9549	3675
432	4817
2056	4003
6293	7525
2506	668
5492	4972
3903	5513
3492	5808
1496	1961
1667	4265
1852	255
2250	4769
6315	1373
8791	3957
5012	3625
6985	6513
1732	2360
4745	4730
1944	2344
8888	7374
9360	9236
1667	2180
7396	7996
2812	4790
5050	2089
3632	6614
2198	34
1331	1908
7356	6311
9493	9912
1718	6253
2802	4120
8180	4189
1563	1162
3963	8741
2324	3377
721	9700
3527	361
36	5998
6862	1219
2503	3838
1214	1178
5985	7332
9031	7197
1921	3250
9414	9259
3338	7056
6087	7422
5747	2917
644	3698
3470	6644
6073	7401
8429	3087
5534	3061
2352	3445
6480	4890
5991	2376
2808	3627
3770	4468
4245	5981
1956	1773
2397	804
8443	4835
5034	5033
2242	8890
8271	7052
3222	502
3627	7994
3522	4975
5263	8891
3437	4184
2054	2141
8644	5187
1391	2352
5148	4253
7349	360
902	5016
7866	6573
840	4784
8157	1379
417	1177
6874	5294
4291	2196
4220	3964
840	8497
8005	2871
3130	4204
4997	4990
2876	3492
9961	9746
6309	6524
5590	9104
8774	8008
7743	8626
6214	2172
9280	5400
8254	1352
1732	3062
1970	3135
1426	4984
8760	8967
7452	7442
9346	6239
7092	8257
3152	7444
8655	2281
5766	6713
3430	1639
8513	3836
1732	2708
1935	237
9612	9326
5317	6507
4724	5613
9129	9165
8132	2390
758	5584
1248	1895
3624	390
3741	4804
6247	7607
7661	6294
3651	8610
4767	6397
6903	5322
8462	7860
1950	9986
2413	5093
8956	9608
9304	9463
7039	7063
9678	2806
8738	1132
8250	4106
6788	5365
7665	114
904	9752
3145	8622
5400	5955
1114	6507
1611	1945
737	8148
1501	7165
2217	2959
387	4299
3951	4870
4263	1138
2186	9116
6631	5070
9717	9377
2757	7636
6143	7458
3042	251
3153	4146
5075	6640
2756	184
601	5324
5736	9414
7804	653
3772	5380
2173	4786
7335	5112
4299	387
5997	999
1732	2681
1872	1612
6624	9277
7090	9888
6621	255
768	5076
263	1369
8755	8757
5568	1572
5753	5736
4828	600
8655	763
7433	6068
3701	1327
9478	6785
2058	7003
8961	3408
6871	4703
3774	5880
6158	6157
2451	3712
8789	5013
3069	4530
1309	9833
2456	4836
7053	8232
7451	4068
3571	3989
8492	1428
3541	1502
2893	6974
7470	641
5620	3988
1663	1852
4915	6611
541	3039
4890	6472
5545	6379
5052	4417
3815	3970
7486	8485
5029	763
8777	2373
1298	3573
9535	1188
7709	7743
9245	4939
6165	3081
36	7255
8861	4749
4819	2741
4503	6174
8697	907
2388	3638
4365	2073
594	7047
1855	6006
1697	2087
7549	4657
2233	3025
344	326
6074	5149
7745	2577
4210	4231
840	2866
160	3716
772	7775
1703	1559
404	5435
1524	1040
3178	9695
8383	7325
908	1618
8632	7743
4252	5994
3963	529
616	7249
2092	2538
740	8161
225	4472
9621	4089
6310	6524
3914	198
3066	6239
3619	6195
7867	8712
2237	3077
5073	5071
4555	3089
430	48
1693	1513
1116	5847
4143	3658
2915	4243
4949	7526
6620	1477
5003	3626
1368	231
2340	8763
9480	9908
201	202
3266	1921
9576	1606
7693	7699
5562	5561
9424	9428
5204	4370
3867	3354
7553	7555
7390	8425
242	9625
5832	5290
1109	9246
5267	6850
4471	231
9912	7379
4812	9044
4651	9796
7812	7393
3111	8249
5772	6801
4731	694
3980	7068
4116	2075
833	2307
541	6717
2802	4121
3372	2419
9911	9483
74	4730
6817	7411
1912	237
3067	4518
5717	7148
2858	210
5104	781
817	8420
5426	5866
4972	5492
3085	142
1794	4206
5240	314
833	8895
8618	255
5065	6627
894	1493
4169	2844
9588	286
2961	2862
7951	6682
8359	1719
2170	2789
1782	1842
2068	3602
6199	5689
4138	2278
9778	3625
4245	5980
2301	9397
179	2744
3233	2281
3628	5163
6065	7386
2915	4239
8853	8631
1982	2077
4868	3416
3092	3412
4130	2961
6957	4331
4771	111
1350	70
4810	4806
8289	883
203	2809
695	1744
3418	7958
8072	7541
7925	7113
7931	4555
2551	2067
934	8863
9286	3432
3130	4602
7986	6427
5885	2380
1615	7389
2426	3655
2938	8098
1608	6967
6753	6917
4851	4297
7357	1964
8104	6331
4143	6191
3843	5432
3028	7605
3132	284
3055	1727
8376	1667
2083	7325
2054	541
2368	1752
1920	8551
3836	5410
2469	5903
3410	6886
7481	1957
1732	2709
3967	9983
7548	8526
6655	1680
6887	8077
3046	3045
8714	7867
3585	5098
7663	1358
3635	5168
2072	25
6891	255
2358	3467
4722	1267
4875	3038
5440	3980
7961	5451
9167	1550
3522	4976
4	2068
458	1351
8738	1133
2547	6925
1131	3800
944	9994
9084	810
72	0
8370	255
1121	1696
9471	9875
4302	2942
9857	1486
777	9714
4749	1368
9199	9187
2246	7274
287	4208
3769	7719
3075	3904
6504	4919
6624	3924
9224	9195
5483	1142
6001	9828
2812	4940
7851	711
6332	7716
958	0
3649	2775
3093	2915
3269	2286
1900	1116
4740	6342
8251	5911
1732	2697
6208	4212
1166	7716
242	7035
2138	553
1117	2480
5593	3713
5429	6965
492	7803
1166	3358
224	4333
8911	1217
1921	2496
6467	7809
1024	1028
412	3194
9274	1561
3069	4529
8779	6833
1272	8221
5975	4924
5818	5856
6455	7798
3499	8170
2758	7637
5243	6814
1001	7986
1099	6073
430	977
9543	50
6914	7667
9523	24
7506	6182
8046	8047
2944	4317
7577	8631
2515	3857
4914	1243
3492	5806
3409	2337
4436	9098
7971	8890
4950	7950
9362	2228
188	9567
8769	9035
2940	8336
2906	4229
6484	7382
7042	1736
9478	3406
8756	913
2456	8348
2056	4001
3348	1086
3567	1450
2192	33
1621	8041
2180	7382
6620	7901
6214	401
6261	5
4284	6023
9362	6465
599	1657
1720	3996
715	8008
470	6383
8447	6777
1524	1041
1732	2654
1743	8903
7679	2155
4032	5237
2475	4457
9428	3143
5740	4848
1166	9410
9757	9393
705	237
1921	2011
1411	7977
6724	6326
1944	8551
8386	9457
1693	1512
7388	9117
8622	4856
1732	6189
8919	6946
8680	8679
2418	126
9466	9465
3903	5515
5075	3602
5740	9978
7751	4548
1921	3226
3437	1310
1883	2238
2963	3738
5589	5527
1921	3268
7322	4482
5388	4842
2233	5383
3147	3146
3947	8492
3773	1739
2357	3465
6482	486
316	1381
6843	4344
6314	255
2382	6466
1581	1750
541	6716
2802	4118
5694	9199
1555	9872
1298	3832
3628	2867
1732	2622
2221	6429
2451	7432
7349	8857
7517	3998
1332	9953
3365	237
1732	2595
4458	2426
1137	6727
628	1186
1510	1024
3694	2440
5149	6074
6601	6603
335	1832
6776	3948
1759	1891
616	7246
6205	6204
6206	3822
7143	5710
3596	3595
3131	255
9385	9254
5960	7310
8892	927
1645	1858
6717	7966
8930	8167
8373	1194
1060	3344
39	37
3241	4164
127	2425
9340	140
4267	4398
7334	8443
6190	4059
3522	4973
2523	1489
1634	9602
1727	1662
6182	7506
876	8444
468	6544
7851	112
9146	4310
868	585
5235	819
3092	9954
7702	5777
964	7564
2451	2467
9226	3329
6859	6351
251	3042
9828	3743
3130	4603
1031	335
1909	1979
7163	7665
1628	2547
4889	6479
8657	7761
9358	2416
1494	905
6244	2801
5579	5582
1581	1867
1764	3143
9338	6964
4856	8622
9760	3565
1732	2567
6048	5082
1921	3253
3836	5411
4721	5388
6573	6579
3692	5238
1791	1505
1166	6052
458	237
1219	9665
1486	2797
8520	1793
6071	4597
4060	4749
3554	2394
891	4390
7437	5009
4291	9010
7369	8409
4025	4028
4439	4070
1303	4056
1221	9676
5027	7208
3255	3063
3255	4739
2283	2280
1298	759
4459	1897
2773	737
7357	8404
4987	6564
1131	3803
2346	6561
7760	1012
7090	9891
2259	1748
9084	811
8853	9060
7166	3222
1611	1947
3005	6596
6619	2486
2292	9072
9176	9143
4217	5951
2332	3573
2001	1912
5936	7285
7945	6674
8862	9063
5152	7329
2	8017
9140	8781
3708	159
638	4597
7787	6440
9422	6363
7371	8411
5492	2754
871	9737
98	2280
5934	9729
6817	8024
7093	3534
6909	3537
554	9654
7875	6573
3355	2183
1854	6354
636	2534
1732	2698
7471	3583
8382	2432
318	2294
1456	1119
8779	5208
9080	9142
705	0
3772	198
5824	1303
5429	6964
8710	404
4450	6088
3943	4836
6189	8434
5040	3541
4897	3392
1921	2012
2180	2832
6041	7361
4938	2135
3346	4801
8779	6832
2216	2936
3815	4591
8737	1388
3209	2536
5740	5736
378	1436
111	7114
9213	1099
7053	8230
9446	9846
7840	1341
6913	8129
6744	8041
847	8532
840	8501
585	3772
6282	5728
5969	7314
2748	2527
7230	2466
1218	1239
8738	9238
823	8429
3330	4785
968	853
2906	4226
4200	2962
1331	9943
1334	255
9020	5171
4723	5938
2056	4002
2793	1077
7325	9994
4955	6531
2025	6045
4474	231
6421	7767
7804	659
9112	6602
6290	9732
4902	724
1481	1476
1732	2655
9882	9890
6814	9646
312	1456
3963	531
616	7251
2072	9363
7785	8675
3771	6676
1199	6997
4487	6233
2209	8449
9987	255
3098	4576
8106	6395
8542	71
4147	2819
2729	3981
6987	4510
6274	2411
4254	861
2788	4080
4692	3113
3133	3352
1921	3242
2882	1008
1095	2264
5592	7354
1494	4595
3384	5358
1769	3057
543	4010
6777	8004
7840	7087
6589	5460
1533	9866
9912	9914
2357	3464
4654	1179
9658	581
5132	6155
5989	3941
5202	407
468	9635
9292	8026
8915	1777
3524	8622
6701	7957
1732	9602
4689	7761
1189	4995
3673	153
2025	2332
1940	2043
3731	3474
1922	2048
9549	8049
5551	7048
315	1381
1192	4390
6644	3470
968	4084
1759	1890
4790	2348
2427	3215
5085	5088
1883	2239
6447	7792
4589	4871
1921	3293
8845	703
1899	9600
9081	1284
7036	8217
4459	6382
3408	8961
2458	3729
7936	5314
4810	4804
3860	1793
1771	7351
4010	544
4383	3093
3182	1910
2277	671
4937	6516
6392	8443
6625	1495
4644	3214
46	4230
5606	4823
5765	960
1680	7444
6680	6198
3390	6
4571	4570
644	3174
7316	3896
7525	8519
1426	3332
6366	7598
5041	3543
4433	3002
2783	3424
3635	1703
8853	9055
3152	4469
2427	6082
9952	7103
6349	3032
1732	4805
5104	294
6845	4255
8242	7067
4210	8058
8742	3963
2560	9956
5659	4131
1696	1530
6241	7596
8264	7092
4917	9593
3815	281
2329	7382
6851	481
1219	9664
3354	3868
1050	4297
1004	2917
2738	7413
6600	6457
280	4156
2019	2507
1667	6169
734	8100
7343	2766
4025	4035
9917	7290
7125	5676
4406	7587
5736	7758
2412	5647
599	7077
1221	9675
8818	8155
7049	1769
6027	4724
2240	2870
1775	1973
7593	6742
1537	1073
1131	3802
6664	8847
3818	9921
3592	5116
51	4202
6115	4409
8849	467
8573	856
3649	600
6587	6573
2334	8939
4463	231
984	887
7092	8260
774	3957
797	344
8008	8773
9983	3967
3425	9812
8560	1105
2065	4997
4307	2943
2557	4637
6439	1102
3624	394
6822	5251
7864	6211
7474	7475
4555	7931
9761	9405
4451	99
861	1907
3646	1608
1156	9209
3049	4484
6415	4787
2891	2896
9139	2207
6859	3548
762	766
6209	3367
3472	5177
1732	2699
3553	5077
3963	2906
7116	5671
1967	2433
2182	4066
5323	6904
3774	5857
6677	6679
7003	5228
9234	3952
3436	3435
907	4696
1179	4654
7261	617
990	8969
3888	5954
1288	2132
2729	3984
668	2969
3643	3564
3827	3556
366	9261
8848	5056
2530	9315
191	8212
6913	8128
2216	9006
8403	7356
4204	1243
5911	9105
1268	3573
9583	8178
6261	7622
9009	1497
2941	4296
3431	801
964	5361
734	7114
3418	3913
3354	2843
1634	1631
378	7324
6970	1663
5758	5756
5710	7460
24	9522
9602	9323
2839	131
4916	3751
4958	4959
1921	3303
3868	3354
6999	8201
2427	1219
9062	2222
8786	5920
873	1494
3340	319
6486	6546
9991	8767
1732	2648
900	1963
5582	5579
2907	3451
3963	530
1166	9408
8719	370
2201	1539
7563	7559
1696	1536
8890	7971
4935	3122
6140	9382
4236	4
6624	8005
467	9632
6321	2297
8091	3543
7295	5596
3668	4020
1411	1644
3098	4577
7787	7583
4825	4686
5104	780
7436	8371
3210	4713
8895	6881
2187	4836
5417	3841
6914	3413
7693	7696
5055	6616
3620	5155
5019	3535
5779	963
3525	4836
1974	5269
9912	9915
5050	886
5302	6889
3892	6621
7627	8577
9565	2501
6421	3119
7598	7475
4760	7921
2269	2209
5754	4528
3179	3602
6069	3539
2066	729
5087	1636
1396	385
3443	4901
1348	7373
9812	5427
9994	944
5604	1013
4274	2164
2201	247
5650	5261
1936	6123
1732	2605
861	4088
833	231
664	4747
5122	4260
1793	2079
1411	4481
3462	2357
1183	5908
1923	339
8781	7757
5592	3631
3522	6626
5133	6730
1340	1644
6460	6623
5233	6803
1731	7671
7274	2246
3093	5469
9952	3420
6163	7478
2413	2270
6658	4536
408	5728
4823	638
7368	5826
2246	9359
6528	7712
6904	5323
1883	1878
6237	6811
6474	9808
9616	385
1268	2577
1647	1339
6127	4418
2286	8307
8563	4871
9114	2377
8249	3111
2511	8178
1528	5920
3130	4601
8282	5919
2155	1832
6859	5251
5415	3748
6839	4380
5295	6877
5968	1743
6219	7572
4327	6934
8856	8212
9103	1713
788	8876
6826	1159
7716	6161
5167	8971
190	3903
617	7261
4280	5643
7153	4782
4210	5671
9729	5934
1945	3131
3573	1808
2249	255
3088	2232
2113	1314
1298	2147
6853	3557
5129	8738
9512	1187
6709	541
199	2366
5919	981
2767	6767
3989	3571
4012	6597
6602	9585
3380	8885
4315	1139
3921	1354
7323	3051
312	556
9610	349
9608	7982
1852	1663
4650	4487
2272	3032
9435	9264
8157	6925
4742	4743
3191	7238
599	7076
7208	5027
4313	4965
3587	3156
1179	237
4812	6642
801	3431
6853	7587
3498	5425
8436	7416
3592	5117
7825	7833
6788	8898
2993	4421
2427	4660
7151	1108
7752	7702
107	4290
7165	888
5903	1575
9546	68
2115	3041
6107	2184
628	5321
4334	224
2919	459
4768	6398
9298	2761
4203	4124
7157	5726
9761	9404
6913	8127
3416	4863
8247	7076
765	6257
8290	3773
4101	5707
8513	5318
1037	1524
4214	3967
1691	5085
4654	767
1912	1989
1178	1210
3559	237
2882	9578
1053	7287
9113	4705
1462	1542
3963	521
7445	173
6620	5887
8157	1380
9830	8103
7716	1899
1433	7121
3051	4496
4195	5913
4787	5338
4305	3409
2669	3398
3957	1929
669	7844
3562	6710
5936	1901
8926	8373
7609	255
4829	2412
90	1355
4990	4997
5338	1194
1671	8764
3903	7870
9760	2999
3205	3049
2875	9787
1383	4449
851	4659
8188	3536
4864	8331
7884	3972
3770	6852
5671	4970
5220	3189
248	4650
9645	1494
3190	1775
9604	314
9622	9330
231	4464
5076	768
2402	105
2041	1921
3727	196
1510	1612
5934	7682
3832	1298
6087	7425
7906	9727
3968	8199
4072	4073
3116	1354
2056	4004
928	276
2196	9343
5170	7556
935	8868
2183	8613
3735	4402
6267	4350
5593	3056
6489	3951
3921	1945
1420	9840
1732	2649
5492	1329
9983	9514
7936	3457
2116	3849
3963	533
2493	3529
2192	1852
3800	5390
2411	3572
3179	4923
2859	8239
4648	7151
27	26
1902	2291
2116	7415
7473	7475
5817	5857
4486	3049
6614	7899
9211	9624
7121	1223
286	9590
6548	7442
2819	4147
1326	8947
1751	1373
2451	3710
841	3431
5659	3760
4215	2935
5341	3760
4833	955
5028	979
3385	255
8924	2141
6855	5272
7627	8576
1615	9898
7090	5264
5028	802
217	2888
8630	7743
1937	4261
1743	5753
7061	598
7105	5741
2253	4399
4297	1050
430	1055
5389	9924
1131	951
840	8508
9498	1616
6264	7626
4768	5339
9995	6313
9021	5580
1732	2606
2952	9044
5284	3525
4344	6060
5693	7131
8180	9222
6013	5000
9178	9151
3339	1761
7656	8103
2116	7477
8379	1343
7615	693
199	5367
8776	9038
9081	1164
4274	9774
3897	5472
6960	6324
5133	6729
1068	3747
721	6213
3589	3595
1547	1087
7758	8654
5989	6957
7708	6337
3525	5558
7158	4857
1573	1008
3030	1612
5902	1433
1912	1240
8365	7264
6587	6309
2798	8898
816	5381
5329	6493
1758	214
6093	4252
1272	9826
7851	117
1391	1656
3676	5214
4412	6121
4513	8591
4483	4050
9952	720
5045	5264
9218	9295
6583	5464
4255	6018
3057	3047
4506	3062
6569	9760
4260	6000
2865	9017
617	255
8380	5630
8678	7091
3195	410
3092	7637
4725	3842
3067	4720
203	6199
6316	7358
3477	5094
7341	1259
8852	255
4704	1879
6801	8019
7463	3213
3171	3743
5622	1510
4200	1969
6441	4312
6375	7734
2781	72
6009	5718
9259	9414
2563	7105
1732	2705
4027	4870
7063	6041
2019	1775
1219	9666
7869	4152
7378	7439
1081	2787
216	2887
6876	1892
847	372
3819	7052
7559	8536
2173	2455
3241	5873
847	8534
9618	1617
6098	4399
9101	2268
9081	1953
9460	1179
2113	2678
3179	5852
4277	6404
7854	3469
6375	6376
1580	1750
2993	4420
2255	6513
1034	9317
1036	2356
1411	2147
2334	8937
8741	3963
1667	3998
2346	9243
448	446
2361	2370
5306	7436
769	5076
3904	3905
5916	4970
1721	1722
1276	6241
1177	424
6975	8191
7035	1205
7371	8412
6495	5830
6374	6788
1143	2911
1413	431
1183	565
2107	20
6967	8116
1675	1486
716	221
3241	8251
8283	6798
1851	2556
3734	1426
934	255
8142	1383
4235	2911
5816	237
3078	2237
6544	468
8878	2770
5593	6860
9830	1748
1912	1475
4051	5667
2313	6982
1651	9237
8945	968
3903	5523
3884	2444
8560	6971
4377	144
3089	4371
1278	7426
7053	2313
6277	7646
5028	7434
5997	4997
9622	9331
4544	3526
2736	763
50	9190
9620	2364
6392	1442
2941	4294
3492	5802
3066	9748
3963	9009
5140	9391
9866	1533
2236	6916
1102	1779
6192	7529
2881	9277
2926	4151
8180	8182
4388	3859
9381	9382
9147	8976
2233	3028
6163	4138
8294	2106
5550	5404
8392	5121
4034	1355
3381	4456
1732	2650
6441	7788
6277	6486
2343	6281
5678	6195
9662	585
4343	2934
1166	9414
7936	561
6278	9474
4406	7589
1430	606
8290	8219
1696	1538
1921	2015
6717	934
2446	1157
2229	27
8568	9304
7744	6215
4909	3618
2416	2415
5251	6827
2428	2844
3128	4101
6928	8770
8072	4145
6360	3127
2724	2720
1067	8999
1177	9451
2952	4810
2553	5070
6585	6575
8227	2136
1921	3288
3387	325
3831	466
4267	4120
9844	2560
5659	911
9913	8770
832	5834
6139	9822
2818	8014
9818	7457
5228	7003
2441	5570
3061	6241
9156	1918
7940	8747
3155	7253
199	1923
1743	5752
9768	9415
7464	5452
2930	8945
5428	3763
4265	6002
8906	3190
7256	42
1732	2660
3028	246
6587	2839
5050	1116
5253	5153
3944	4334
4908	9838
6893	9729
9140	9173
2324	8226
560	9596
4344	6061
986	8656
1510	1028
9548	9882
7935	8741
5087	3153
4186	1498
795	9541
1183	9487
8857	5856
3326	4778
1209	6561
2652	4497
6486	6547
2762	4037
3760	7556
2528	563
2116	8333
9153	9101
6987	2066
2320	3370
4380	6839
7602	7601
3911	2389
653	9118
3849	632
2851	2779
9201	7012
4230	8462
2276	3594
6248	4635
4231	5965
7851	116
3676	5215
4412	6122
1142	3055
3190	4688
9875	1688
9624	6552
3553	1116
7174	8305
840	8503
271	862
727	4904
1166	6246
1591	8131
951	1131
9937	1325
6918	8146
1260	9792
3523	4503
1149	6785
599	1612
7953	7952
9696	475
5243	5660
7936	560
1696	1533
7518	7472
5073	9766
3045	3046
1732	2706
3205	7714
4704	6305
3832	5406
5712	6768
3354	3867
7990	2072
2441	5762
5867	485
181	2744
1187	9510
4070	6490
1423	2161
3760	7633
2787	1081
3535	5017
2358	3468
6397	4767
4149	2819
2169	3515
2475	3790
9774	3764
5053	3546
6871	8063
199	2829
259	9579
9549	9300
2410	1925
2322	2339
1131	3807
751	8213
9564	8397
2064	1946
883	255
2286	4479
2772	2161
7037	7499
7812	9114
3055	6493
871	9736
2591	1463
3417	340
9140	8788
5954	3888
388	9618
5997	3940
9286	0
9486	3994
1445	8954
8362	1750
5592	7069
405	5685
8137	6914
8986	8418
2547	5634
1696	4287
2432	8382
8140	8297
3834	6700
9596	8955
6010	2966
3422	7583
3492	5794
2518	156
9214	5001
1081	9161
9830	8101
2365	9000
6573	4910
4010	3528
5036	5035
1921	2034
8140	7666
6447	1936
1739	7379
8920	6974
1166	3474
6349	7186
8204	1384
3612	1753
3888	5957
3903	5522
5856	5817
1309	5824
8930	2176
2414	6959
1732	2722
7025	7024
5682	417
2963	232
6065	1555
4328	4298
7440	6756
5075	2055
1639	3430
4713	688
2775	4928
4661	679
3043	3707
5492	7024
2332	3383
9768	5066
7985	7701
7480	8469
3492	5803
7825	5122
2762	8027
9372	9371
7784	7782
9941	1780
2340	4996
7092	8264
3222	4726
6293	8386
3629	6685
935	8870
6392	4837
7036	2838
4851	1935
672	1835
6230	7580
1696	1462
6267	3583
6784	4399
4079	7775
2915	4238
5766	961
15	1669
2103	423
6838	2445
2322	2320
2411	3574
9118	7395
4483	973
7758	7840
2167	6110
5338	8410
7457	7226
7094	5192
7105	1852
584	7029
6690	6337
14	4236
7003	2058
1706	317
1088	9783
1177	9450
7091	6454
7440	3524
9295	7617
5938	4723
8169	7666
2063	1939
1732	7007
1776	1976
430	1014
1841	3836
4750	1124
93	2068
4124	2908
8753	4509
3178	4665
8670	4227
3339	2515
4744	696
3409	8252
883	1808
7092	8255
6201	9114
8240	255
9728	2641
496	3702
2802	4115
1743	1819
6189	7522
7468	640
111	2100
2577	2324
3668	416
8679	8681
1319	4597
3492	5787
6573	6312
3146	539
2185	6316
3182	4671
4748	699
5251	1556
8986	937
2413	3590
2786	408
6557	6558
2476	255
352	1189
9814	1207
1360	9574
4202	830
4168	610
1808	7780
4928	6512
1732	5959
4719	7826
2528	564
5011	6375
5840	1576
4837	6436
985	3450
1776	409
9157	9140
3560	8667
1750	8362
2320	3371
2819	4150
9759	5481
1172	1173
1202	4056
4202	3782
6929	7921
1666	7104
8910	6081
4449	1383
4824	9076
7215	6518
4089	4574
1166	1630
6403	876
78	0
1441	650
614	5450
735	4382
7627	7628
2	7204
4959	7698
3801	3032
221	1517
2056	177
2413	5940
3963	3964
4701	6289
3055	1142
840	8504
3205	4711
8266	8267
6375	8765
4395	5332
2881	3924
7191	9081
9013	8220
1713	1598
9608	9610
2324	3548
4667	907
3906	1701
1209	195
4255	6016
8060	4210
3730	163
4804	2952
2460	4399
1732	2572
330	1382
1696	1534
1181	6927
5609	6115
1611	1261
9240	9203
5560	5559
7499	7037
2184	3355
3861	7021
1740	1813
832	2962
5919	982
8431	4626
4776	3949
9253	1084
5379	3771
977	3588
1461	4345
3804	255
1152	3992
2235	1642
7471	4829
9783	1645
6189	7524
1185	2324
6871	8062
6684	7952
199	2828
9912	9493
1923	255
585	9662
3357	3599
2374	2373
1140	9798
4799	2072
2109	4557
2358	4249
1621	5845
7223	5841
1910	1917
7582	681
3919	6111
7092	8256
5364	7366
8211	1320
9806	7857
1329	3690
8522	5606
318	5272
3920	2305
4787	6415
1536	4235
6871	7296
405	5684
2375	1941
9760	9396
2738	155
9679	8965
1188	4097
742	7987
2845	6375
7380	6062
3036	250
3911	8553
2092	5453
9635	468
3963	522
8952	4093
2518	8155
1921	2033
5643	4280
4195	5914
2303	3009
142	3085
5104	3592
1743	1847
1361	3521
4051	5669
7921	4757
2413	2066
641	2313
7560	6214
297	3155
4214	608
2019	2424
6421	6425
26	27
8489	7489
6975	4731
8034	1366
4059	7186
7295	8796
3638	2388
5266	3833
9478	2844
6361	4753
4949	7710
6975	1198
3437	4893
847	8531
3668	4207
5275	6857
240	4588
5592	793
2764	8847
4050	1923
71	2776
2797	1486
4609	3135
2984	1116
7480	8470
6296	4437
3070	4536
9679	5901
1780	9941
1685	1500
9112	2277
3550	7389
7784	7783
2817	3434
3649	3997
968	8943
4810	2952
3012	2939
9307	1564
4768	4631
5632	1852
4061	2961
3328	850
3649	5179
6331	7564
3067	4521
8691	4940
1732	2613
5630	920
3964	8670
928	1117
5140	5141
3063	3255
829	8438
3604	5906
9325	9226
951	856
7891	3715
9467	9466
7151	237
7305	5960
3799	8216
4224	3963
3424	4870
4916	1587
8923	8362
9893	3471
7070	5079
8215	2081
3193	5322
8170	776
8768	4597
199	539
582	9234
6690	1433
1978	1095
737	2773
3328	1908
1015	7710
1921	3245
1294	4057
1749	3945
1536	9867
675	4645
1921	3294
829	1715
2531	6839
5142	6746
1408	1830
1177	3331
7132	5693
4340	7766
2941	4328
2172	1634
7535	8072
1493	4390
5447	8701
4686	4825
2019	4399
7238	6689
1166	4583
3604	9106
1426	575
1732	1747
4466	3365
4597	6205
884	5472
9054	1035
2888	2895
9140	9175
1912	2002
9321	9602
4667	844
8916	9086
3046	4663
6162	2944
4220	8670
2942	12
8330	773
3760	2991
9805	5156
9146	3071
2277	9769
3861	474
2317	1933
8551	8977
3326	4776
67	5662
3113	4586
408	5729
2941	7981
6219	7573
4174	2068
5067	4170
2887	6316
2116	8335
3487	2367
5488	9472
6906	8113
3765	2860
6036	6038
5585	7851
1687	2318
8847	5677
9036	7281
4418	6127
3138	8280
407	5202
2523	3873
4766	6388
3963	505
2404	396
5592	5026
3122	4594
3152	110
2177	9899
6230	1539
2440	3694
4997	5488
1898	7526
4125	5614
7757	144
6575	4910
3355	4809
8646	7758
1842	1782
2784	7690
9143	1859
966	3206
7803	492
7936	3985
5426	7315
322	1708
2755	2758
9257	6245
8153	6921
705	7970
6039	8481
4857	5415
3132	283
1732	4802
1630	6394
2487	4849
2893	2894
6600	7254
1142	2230
7751	7615
3534	5006
3170	6384
1732	2716
9544	53
9199	5589
6918	255
2439	5220
581	5855
8827	5652
1740	1814
2099	8734
1732	8170
3155	38
4231	1357
7214	7565
2345	2807
1187	9512
9158	1549
313	1381
3535	5019
759	8286
8621	8376
5276	650
4406	7588
5251	8585
6924	4273
650	7681
8159	8828
6328	459
6063	6641
7814	8690
2735	9954
3464	2357
9282	3062
9669	611
1457	1120
9796	4651
3126	5332
6807	6806
8074	364
6424	1156
5857	5859
7334	6392
186	2759
7462	241
271	4049
1257	7341
2277	6623
1900	2062
2375	225
3699	300
560	1622
756	1478
4597	638
3769	7720
6567	6310
3740	9972
9679	8964
9428	9424
1330	7732
6249	4519
8589	7673
9198	9234
2736	8285
5630	8616
2865	1908
7215	8326
9298	5020
1732	2657
8404	7357
1635	9184
8876	3589
65	2302
8593	8989
8283	5631
1251	1250
1921	2032
1921	2040
5660	5243
4922	6509
5766	9566
2279	610
7138	3443
3466	1802
7921	4756
6620	7912
2983	3630
869	1098
829	3808
3069	1667
6434	5467
8942	8392
7480	255
8579	387
4679	6188
2394	3552
7556	7624
2962	7462
7463	8464
2318	2385
2158	6840
5672	7122
7480	8471
6466	2382
3616	5149
1777	8915
1922	2047
5286	3809
927	6043
3618	4909
6600	7890
1131	2517
7868	6573
1475	1912
1331	9949
5270	710
5494	7027
2056	4008
1958	5047
2448	6063
2378	2493
4715	689
3122	3650
3416	5454
4146	2067
1732	2614
1302	1405
1630	3344
1888	928
1160	6221
2061	8273
4321	2944
2254	7011
7648	9942
1166	9413
7076	8045
862	4049
1696	1541
8866	6234
3769	1374
8767	9991
2915	2797
249	2407
1220	4461
6206	7551
5324	1419
3710	2451
541	3414
7851	5587
7862	6551
3459	3172
8925	8588
6774	549
8930	6922
1224	7473
598	2440
5952	721
1828	8903
8827	9049
7261	7262
1905	2301
9161	1081
6773	1200
3627	2808
6033	902
840	4878
6985	52
5447	4411
3062	4506
9656	1626
4136	5748
9224	9971
1312	1303
3707	1454
2865	1383
9040	8777
2232	3088
6025	7007
1211	1178
6543	8782
674	4645
4395	360
6747	9746
1978	7990
6555	2971
7029	255
8321	8909
6888	1169
6189	7520
4233	613
2215	177
3580	2934
1634	5236
6443	2286
9009	9008
4746	1475
3926	7925
6566	6089
4220	9009
8163	740
9362	3130
9636	1581
3143	9425
7358	641
9899	9351
1166	6748
1567	9328
7702	7752
1407	8365
3424	2783
6684	5402
1750	0
4622	6033
5726	7156
417	5682
6357	6161
2915	1486
7827	7825
5045	2847
1287	6550
1463	2104
318	1432
8073	7440
5171	6269
9144	2257
1830	1408
7751	1361
4356	8886
3072	3070
218	4274
8226	2480
9173	9140
4255	3140
7436	8445
6614	3632
6816	5863
2328	4749
3985	2395
2440	3695
6194	1578
4973	748
8841	9051
1898	7527
1504	455
3685	7796
2445	1907
1166	6245
833	666
2228	3584
7485	8484
4210	7482
9043	2143
4212	1271
6229	7579
2511	0
3541	5040
3416	255
1958	2409
8931	6476
111	3676
7979	3255
3534	5007
2506	9981
2335	2336
6058	4838
8892	9079
9799	8783
1739	8290
7069	5592
1014	430
4284	255
1381	1927
8089	2342
1581	1580
985	1870
3113	2833
352	565
3635	2996
3535	5018
2216	5022
9623	9334
4402	2884
3804	8739
4835	8443
5	6261
3770	5927
1924	447
4884	255
199	2830
5028	7228
3827	2810
7198	2231
1119	3075
5419	6952
3522	339
8074	365
7206	5824
8776	4058
7851	2056
3047	3057
8009	4952
3650	1388
4052	2814
7360	4446
4624	1496
2301	6596
6390	4766
4704	8253
463	3742
5779	8398
9782	1088
2222	9690
4638	8379
2547	5639
6796	6613
460	4882
7083	4571
1946	2064
2535	418
7083	5611
1352	8254
4183	4245
1732	2658
8379	3529
8717	7876
5551	5274
2237	1656
7683	5108
8979	8977
3521	3877
7630	7631
2788	4099
1732	2602
1298	255
2520	3862
4916	3853
9726	8076
6443	5124
5753	1743
1732	3479
7509	6182
4679	6891
8147	7317
1929	4985
4724	2989
6739	2943
2559	5673
6620	7913
7752	255
3241	3901
9714	777
6241	4423
2430	4146
829	9477
1028	1510
8388	792
7778	6790
1912	1997
7682	9729
2113	2157
3856	2113
3093	9093
996	5987
2547	9163
7973	2384
9693	703
111	6208
1177	844
4862	255
1675	1610
8705	7836
4066	2182
2770	5966
5923	5867
243	3019
7480	8472
4890	6481
7857	6546
3587	5100
5175	9794
6510	6464
5171	822
7481	8483
7458	6143
1331	9948
3959	2783
5597	3573
3086	27
9981	2506
1732	2615
5743	189
2758	4679
5322	6902
8853	4092
9620	2346
4284	8370
4680	5714
8416	9085
7751	3616
834	2108
8041	4082
695	7505
1131	3804
9319	9586
8734	2099
5637	2547
2961	4354
9424	3845
1868	1750
7758	2746
1587	1741
2116	8341
9298	5672
3793	7097
553	8448
7758	8650
2116	8228
4200	3355
1611	237
4436	8090
1899	5418
5447	6976
4861	255
5362	5428
7615	8571
8919	1006
2092	4644
1426	3610
8755	913
4459	6149
1524	0
5290	6648
5064	829
6782	4101
5181	825
4023	6555
9717	1811
9773	9772
4823	5
3939	1512
1732	2135
2092	817
1769	2725
5672	7609
8738	5129
541	6708
7562	6214
7022	9479
2532	8878
4917	5279
3743	3171
2846	3652
7053	8237
4038	2113
5591	2083
343	4590
2497	7987
3777	2473
7092	8262
2472	2264
42	7089
229	2936
2775	4073
1325	3196
9869	1544
2938	1610
8951	8428
4010	543
2943	6739
1921	2017
4707	6163
883	8640
5827	965
4818	4820
4869	1509
5726	7157
2775	1928
1680	9121
7541	8072
110	1001
641	7358
7821	6495
1221	9680
2474	7728
2341	1940
5030	4259
6673	6651
3580	7146
2283	8005
2577	4694
8679	8680
2067	2549
7778	1480
6855	7882
7638	6572
1142	1291
4270	1108
3135	4609
2284	59
736	9703
1009	9023
6328	760
8674	7785
6905	8105
814	4204
4955	1771
3122	1368
9286	314
5943	7289
1108	9229
6229	7578
1258	7341
1850	2556
158	458
1609	1907
7348	6385
2961	4363
6311	5817
1696	1521
5815	5813
1955	1773
7499	986
1921	2026
8251	5856
1596	2487
3951	6489
6589	3569
6213	6899
8991	3404
2547	5635
3561	5083
4623	3139
7301	743
4202	51
1405	1302
3770	5924
1579	8089
1634	7492
199	2825
1077	1076
5574	5575
3092	8028
8450	8273
3009	2303
6424	1158
8849	468
1309	9832
840	8510
1904	8084
1088	2281
1439	7811
5936	9933
8357	7230
7568	1574
7366	6919
6232	18
7092	8259
7330	9133
2493	3609
1259	7341
6891	4679
2149	6244
8116	3732
6282	1937
2634	5261
2302	7191
3016	8924
245	3025
1831	1917
1730	1700
7753	6497
2547	5638
5545	1845
5295	9342
4720	3067
3548	8027
2284	2871
6464	3421
4753	6368
2459	848
659	255
4384	7757
2233	2860
6913	2313
606	1843
5085	1691
628	4410
5305	3744
5863	3121
2257	8559
3941	4836
1424	4062
2547	1627
642	9674
900	9750
7323	2147
9199	5694
312	4528
9634	468
2491	3813
408	5726
72	1016
4963	6624
1758	1885
5304	3744
3433	4069
3963	507
6670	7941
177	2215
3739	1528
4272	1476
1899	9597
1957	7481
592	7032
6797	7627
4113	2802
1326	8490
7550	4437
7480	8473
9190	5111
2277	1141
7219	171
1922	2045
8822	3533
2077	1982
639	4179
9975	9974
2185	6618
9802	4010
2056	4010
7933	1356
3069	8439
4972	3690
3995	8479
4765	9637
2844	1781
2365	2137
4536	6658
4252	6093
9602	9324
1732	2631
7412	8178
588	4143
9084	805
8954	9100
7370	7006
6973	3698
6845	6021
1921	2035
840	861
7079	5599
5610	8253
7191	8313
7008	1378
9009	528
6115	1017
7426	1278
4082	5681
5253	6830
7974	9466
8871	9070
7758	8651
4821	4822
3628	3635
6423	7769
6922	4327
1754	1920
2508	3975
4179	5837
4284	9120
3988	5618
4850	4853
2790	2170
5321	628
4459	6148
2519	3535
592	6641
3996	2442
8354	8353
4287	219
5617	2136
8008	8774
4338	225
5660	8030
1253	1604
541	6707
170	231
545	6704
1933	5745
1309	1303
158	3700
160	2524
7757	8781
6600	42
3413	47
5428	6885
1732	2580
4204	1795
5752	7175
7033	8210
4482	7319
6790	7778
9577	241
5181	824
2859	4181
2835	3927
7882	6856
7547	6200
9565	3337
6800	5544
1294	2509
4768	469
9414	1166
638	2228
5456	3883
3629	1591
1266	419
3471	9237
2431	3665
1355	92
5759	418
9476	9279
2481	6641
3113	3770
3422	3893
6186	3656
5328	5032
6827	5251
5173	840
6754	8035
7022	1204
6247	7613
4810	4812
6161	6335
5062	3523
4195	7231
4233	2910
9123	5203
7324	378
8103	7656
6619	3636
1386	8204
6913	5702
5143	5755
8977	8979
5438	6048
5482	5288
1715	3345
7181	7941
2369	5651
3476	3635
1935	3524
9329	6818
2056	2168
3571	3004
2413	2726
7138	9906
6622	2210
2185	2857
2069	1502
1641	8946
7151	9286
5538	5697
9355	9230
5226	3511
8872	8238
9165	1550
4734	6185
1712	8770
455	4647
6600	7891
8776	8916
9586	9319
8686	7138
1413	437
2324	1907
1844	1007
1750	1866
1599	6251
266	7936
1732	2568
2961	4362
9360	7575
9017	866
7390	9348
954	8915
7381	3537
96	8981
3032	4462
1921	3231
5687	7129
8217	8218
659	7804
878	880
4833	6437
9393	9757
7921	6929
799	396
1397	7753
3770	5925
7175	5752
4924	5779
318	9825
2906	8670
5837	4179
2557	1465
1063	5764
5826	3539
7728	2474
1732	2718
4803	9682
9938	9505
3847	5521
5936	9934
4266	8205
4670	1371
2423	1962
7510	6183
7978	8762
7033	5219
751	3920
2141	2054
3859	5138
9862	1523
6817	8023
1935	4852
3728	3068
6360	6487
1177	8424
6548	6065
8919	7513
2547	5641
6441	8417
7202	1237
3578	2411
7982	9610
2865	1020
2536	3209
1732	2668
370	371
248	1108
2266	9934
6166	4312
6316	7757
5753	6360
7087	3681
7938	3887
1756	928
2520	3864
1505	967
7480	9718
4548	651
1286	9994
9129	9168
9624	4920
3466	1801
8896	9082
3964	4221
1378	0
3362	2317
1634	7670
150	2502
1486	2915
1921	1280
8312	9952
9509	9289
6152	4973
4323	2944
7758	8647
3811	1291
232	2963
2138	2878
6094	4399
3951	494
8778	9041
4412	6120
2994	2318
9535	634
9664	9356
4	9517
5551	1033
8047	8046
382	327
9622	9333
8945	2930
1922	2323
7480	8474
3416	4868
6516	6517
9118	653
7052	3819
9760	5289
2503	290
1166	4252
8600	176
6974	7893
5203	6781
4255	6019
776	6549
6486	8174
9445	1175
9990	7325
6891	1855
9440	6008
7722	3769
4696	5258
7021	3861
611	9669
8658	887
7754	2277
2432	4092
3627	4284
9487	1183
7555	7549
8385	6617
1666	1138
1188	9541
9893	9255
4884	1191
4680	5716
1510	3513
1719	9638
3338	4502
9686	3513
4791	4784
2043	3867
3731	7752
4894	4310
4376	6080
6177	5784
4590	4621
2741	383
4939	9243
4511	5976
5993	5991
8088	63
6253	1718
4040	1741
8970	8516
5826	2347
581	9659
9488	1593
9129	1773
8842	8173
6657	1126
2359	7215
3988	5619
7093	8267
2999	5926
6451	2913
2468	2269
2847	9520
8362	8921
8880	1371
4986	6564
86	1355
1756	5369
9322	9602
51	2473
8276	675
5337	6911
4508	9472
5052	3546
170	2504
541	6706
9720	9724
7329	628
7941	7181
9762	2509
7459	7465
7975	1362
3964	528
5510	5509
2149	610
7716	655
2365	6598
6281	2413
7033	8209
6213	7558
2203	3475
6690	3766
1125	1784
2515	4842
1449	663
1503	255
1921	1932
4947	7950
2003	1912
2170	2792
863	237
2767	7593
1218	9817
1260	1911
35	36
5329	2223
9656	560
295	8737
7378	4836
986	7499
1899	7716
3914	2839
7379	565
7653	8582
5682	403
5170	255
7943	7782
2055	628
3591	1
3547	2392
8814	7003
2067	2551
3963	509
2229	4378
7598	6366
5035	5032
114	7851
418	5822
3492	5785
6180	6959
3843	1070
2413	2731
4782	7153
1733	5855
7375	9476
6905	7503
6366	7475
840	8509
5186	9954
1000	5997
1944	6058
9265	9266
4269	4396
2185	2856
1358	135
5613	4724
618	4258
6909	4541
3768	168
3720	1751
4663	6262
747	9686
3521	8613
1636	5087
9102	925
5966	3920
3639	2853
1581	9880
3654	3627
1696	1523
3534	5010
7970	705
6999	4626
5941	1266
9895	1306
2057	3606
3541	680
6920	4024
4816	4174
2530	3953
5032	3539
7563	4704
2909	4279
8783	6281
7261	7586
5672	4859
1531	9865
3241	5882
9993	5718
4823	6350
5819	2481
5273	4824
1172	1571
5103	3592
6324	2475
3747	5311
5293	2451
2738	3989
1010	542
650	7678
652	1921
9883	6165
3387	4435
7680	2217
6366	7473
1130	846
2557	3918
5288	6868
1935	5073
774	4051
4102	4680
9603	255
6598	470
625	4304
1272	1563
1192	9572
6891	8081
1382	330
3765	2274
111	8070
2056	1372
5536	2988
7743	7709
9159	9121
4070	1130
2324	1185
8601	5753
5946	6334
3418	6308
4155	9631
6167	4498
7605	3028
1968	2437
206	3912
9820	9437
4277	2935
98	3924
1732	2669
686	4702
9909	560
1705	2478
345	9372
9737	871
9753	904
3321	8605
3963	513
1484	1838
542	6741
2765	4836
3939	488
4211	5945
1921	2036
8331	8912
4439	6142
9526	27
2926	1296
5661	9376
3416	649
3490	2368
3657	1612
8284	4160
6427	7776
1732	2711
4908	4907
7383	6065
8896	7193
502	9649
5388	2022
2915	6197
6196	6762
5938	4681
3903	5502
3627	492
4315	2944
4816	8219
7215	8327
6632	5070
1618	9900
1088	9782
9280	237
7156	5726
5086	6385
4538	3070
1815	1740
1732	2174
1175	9444
3180	751
1701	1553
4043	5436
2906	3964
6868	5288
9726	1900
5311	3747
1879	4704
5440	5439
6048	5438
2901	2138
8072	752
611	9668
3605	3241
5442	386
8607	7716
2127	21
1068	5315
1732	2625
8720	7907
6130	5595
5337	9581
302	3214
9978	4848
840	863
8809	6751
9424	6923
1696	1528
7758	2745
2113	1378
9586	3943
145	717
9571	8516
1574	7568
6869	5288
4498	6167
4821	4820
5988	6957
1474	9856
581	9658
4679	6271
4422	2993
9135	6435
6330	1248
5327	2335
2814	4029
4092	2432
6909	4539
4436	6575
5936	333
4459	6150
6283	647
1131	3626
928	2351
7018	5488
3190	4687
1732	4887
5025	4627
352	5130
8385	4106
1649	9810
968	2616
6086	7421
94	6670
4803	7229
6	6871
2476	51
6423	16
1961	1496
1050	9094
312	255
224	4335
2358	8271
5859	7984
1918	9156
3102	2246
9365	9688
9643	7803
4871	8564
3529	6767
2449	2976
2342	8089
1732	2582
6296	6290
7033	8208
4753	5702
6213	7557
3092	4565
9421	1166
3627	5158
3067	4520
2259	3159
951	3347
1456	683
1235	6505
7882	3972
781	5104
4818	4819
1368	258
219	4286
4399	6095
9345	6239
3212	847
9822	6293
9084	5602
6158	4466
7775	8662
5047	5167
3760	5359
3649	3137
4965	4325
7356	8402
5204	1537
5459	3885
6869	2083
2650	3396
7480	8477
4647	1504
7879	2977
5841	4138
3040	8462
9697	9022
2882	2481
7851	109
9380	9939
4612	4618
3029	6039
5317	6898
4238	4237
1166	9417
4945	7822
4811	6644
1060	9122
7068	3980
9123	6700
6099	4399
81	0
3650	2962
114	7665
1083	1084
2376	3510
8392	1713
9981	9369
4274	1524
1586	1711
646	0
750	4973
9210	1096
9961	8145
19	20
6383	470
3093	3094
2324	7713
1573	9500
6189	9707
1732	2570
1166	6197
6639	30
7028	9844
4410	3580
4810	9047
6588	6580
6617	3636
2882	9614
8141	8140
5834	8433
2072	2587
6253	6662
5998	7258
1962	8858
6793	7130
5608	4064
641	2742
1745	1852
3584	6478
8859	2451
3564	1138
2756	183
6834	8779
638	7419
8155	8816
8835	1558
224	1647
4251	6375
3770	5923
1634	7491
7731	6371
7036	2762
3051	4494
3459	3460
1203	2494
8493	3947
1842	2179
7925	3926
8108	6905
100	206
1921	3304
3031	343
650	7679
3438	4755
2053	9996
4590	7474
1358	9186
1935	5072
177	7951
5419	6950
4346	6612
2088	2049
4475	6321
9728	8778
1192	9573
4312	6047
9623	6207
6891	8080
8911	8293
9500	1725
5536	6156
314	9286
8589	3019
9645	9199
2106	3768
7317	4399
1236	6844
8837	9971
6688	1331
7524	6189
6284	3058
7576	2235
9557	9306
8565	8982
1730	6602
8570	1695
4644	2092
8376	8621
5003	3534
3056	4500
9338	6419
3012	3559
3512	6340
8476	7480
6620	7909
2915	4194
8104	7564
4741	3255
7134	5694
3771	5373
6783	1148
9760	3008
660	1959
5414	8898
2875	4197
1811	1440
7382	255
9440	9442
3602	6647
1899	9598
1378	2111
2147	2743
4280	620
1962	3891
3417	7564
7756	7755
1210	1178
4385	94
5357	7167
1888	1647
6754	2430
7374	8888
2185	6909
5533	2530
2973	3492
5732	5733
3471	4926
1573	9878
541	6700
738	742
4251	3083
3920	2162
318	5146
2503	4250
794	887
104	8896
1411	2473
9893	6843
6612	4676
4164	4176
6614	7898
1732	2611
1912	1980
2413	6670
6233	3205
3009	6596
5208	9690
4705	1571
7325	9761
597	1604
1732	2626
8365	1407
3531	9188
6582	5558
7812	7397
8782	1360
6278	7648
9670	6297
3175	8677
4693	6680
22	2133
173	9562
8919	2153
2556	1850
6398	5964
7426	1277
5854	3829
8867	3240
6372	6371
2237	3066
7555	9883
6630	5070
6074	5615
875	8593
2464	3674
1131	3454
378	4348
832	817
8705	8704
9017	6887
6244	4448
2511	3854
3144	3319
6452	7480
9356	9664
5558	2414
7093	8265
2840	5622
2185	5137
2259	8381
2476	3793
2720	2719
6189	7523
1667	1467
3512	255
1817	9917
5073	6634
6219	7571
1793	8520
6223	2770
2057	6143
541	6704
6952	5419
512	6445
3544	5043
8925	346
8997	8636
173	3626
3357	1424
4955	1953
6575	4436
1950	7170
3055	4399
1381	315
6936	8427
647	6280
6988	4130
9931	8359
6369	594
2259	3158
1272	8758
2297	8775
4591	5647
4255	6845
9610	5163
7008	6010
1652	1720
37	39
5611	4570
7667	6914
3255	53
9746	5970
8567	7988
9111	9156
7785	6065
3704	2258
2431	3666
2464	3736
9779	2446
3760	5344
8434	7007
1426	3733
6423	3693
3387	323
2758	2757
9164	9129
6651	6673
851	9556
7030	5531
4210	7288
3717	968
1616	1615
3604	7145
5403	1913
161	2511
3036	3326
2641	3880
4204	5920
1498	7752
3170	4653
3698	6973
9391	7666
8084	1904
6587	3580
5667	4051
4402	3735
6645	4730
6984	5448
2426	3656
3425	7526
7036	8165
1374	8737
637	2503
45	7089
4919	6507
3973	3860
8155	8817
6603	9482
6473	4885
840	2526
3400	1914
2530	6471
8713	7867
7089	42
1413	434
7131	5693
1750	1865
1899	6254
3145	4851
3526	3888
2512	1413
8620	2089
6323	7684
7572	6219
470	7886
2925	985
423	5833
2072	2588
7327	2480
3623	2641
5733	5729
2961	635
3090	4556
8079	6891
8839	900
1471	1667
2994	4424
4243	5578
2189	1346
1811	2129
153	3673
4990	2379
8272	3062
199	2821
1797	4378
4145	2425
5987	3941
9392	9757
6803	5233
7460	5710
7499	6176
877	8604
1426	833
3564	2315
9908	9480
8570	693
2468	636
7798	6455
8249	1796
4705	5943
7594	8550
2460	9542
4098	2786
430	4168
3715	3843
1104	0
6669	4313
1382	328
1237	7202
470	6598
1792	3931
4008	1049
9482	6604
5607	862
7192	5103
5817	3604
9461	2219
9751	5307
4848	5740
1498	8738
5756	418
8860	4142
7982	9609
6704	7960
1921	3234
1189	9552
1732	2671
7552	4944
7416	8436
1647	3908
2397	698
3963	515
5744	2328
7738	4859
7936	558
4730	73
6436	1100
7645	7053
1732	3484
1696	8527
1183	6680
6797	8114
3526	3544
9190	3591
4647	7151
3134	4701
2493	1355
3029	4454
3771	5372
4255	188
928	1370
1962	7058
6239	7949
8554	2167
1921	3275
7552	7549
6573	7638
7583	7787
4138	5841
0	262
8980	8551
945	5699
6790	6797
4534	6795
446	2796
2509	7649
3966	5601
3994	9486
4754	2425
8249	8882
3524	4855
4747	664
2838	7036
1057	7445
8546	4511
5032	5034
7105	4580
985	2542
2019	1555
3894	1399
6092	1486
1741	2264
7067	8242
721	5953
9807	6474
3649	5180
599	1192
8241	9392
1882	5529
722	6244
7276	1951
1732	2627
637	1496
1188	9536
3492	2876
1243	4914
8920	955
6293	7203
7987	2336
3860	4210
2352	3448
8250	3634
7749	7465
7397	8426
8014	2820
2313	7055
7743	4164
8775	9037
5324	1330
4040	1554
9260	9354
409	9103
6089	6566
6219	4870
1657	599
7758	4942
4999	9746
4230	7860
8895	3117
6376	6375
1589	9446
6307	6566
3190	8855
6779	5203
1878	5074
7961	7406
1131	71
8035	6754
1131	1609
6756	7983
8018	4607
1877	5607
8321	8322
4152	7869
2836	2834
1661	9075
2495	1203
3650	5182
5911	7145
5362	980
7493	2078
1325	9937
107	9358
4033	5717
3032	7187
861	4285
3380	7971
5277	3731
3333	3206
8944	968
4489	1916
1732	2576
1771	4955
541	163
7775	491
25	1796
7784	8673
3609	600
6545	8030
2259	3161
5246	3538
1456	685
7149	5717
1796	2091
6219	4292
5028	5027
6359	8636
638	4823
7936	2161
4907	3457
5911	5856
3432	9286
4043	2873
1022	6125
5595	1216
6022	4255
597	7917
7092	4613
6888	8614
541	2468
5863	5012
7780	746
5704	4823
6653	6270
8631	2083
5085	5868
1104	9216
8630	3641
5930	2368
5565	7054
6543	6533
3591	8887
9690	2222
5679	4078
3660	2427
2113	237
1748	5598
3092	9728
1696	1525
1266	1286
9	2078
206	9570
963	5779
9726	2764
7093	8268
9085	8416
8841	9053
3144	4636
412	7379
1449	2784
592	662
2019	3573
4204	5918
6538	7987
1228	1227
1912	2004
5362	3763
6927	7789
1413	433
7038	5087
2941	4298
7465	7749
2402	106
3735	6106
6319	7676
1587	2178
3323	8608
3553	4775
6805	273
863	2558
7950	4947
4565	9820
2577	7745
2994	4425
638	7417
119	5588
6189	3138
1811	2128
8852	1505
7548	7555
2413	5435
3771	7591
7325	7564
887	4707
5931	6229
5259	6835
2182	1844
6482	5859
9623	5386
1705	419
1921	3310
877	8603
367	360
4162	8284
3646	9544
928	839
4542	4050
4080	5680
3629	610
4823	2283
4705	1001
2180	7618
6484	3062
7601	7602
8105	6905
3107	2802
2943	5551
2940	4293
5124	6692
2217	2953
4719	7353
3626	173
2473	1163
5747	9111
5932	7639
2783	4095
1732	2664
8950	8428
1968	1358
3963	514
899	817
6724	5130
2062	856
68	9546
2302	65
7465	255
3111	4402
7324	4548
1305	9879
9682	3543
6154	4638
9079	8892
3964	9008
1903	2300
4410	6119
6620	7911
3366	4774
1758	9110
1119	9270
3029	4453
5992	4251
9094	1050
6913	958
2568	3482
111	4365
6055	4446
9131	6196
7138	9903
3346	3112
9517	4
8670	9007
8440	3826
5398	7680
8050	6862
822	5171
8011	2297
3860	3543
9502	9938
6624	4967
3853	1069
9682	1460
1095	4768
6086	6903
6267	4349
5240	9311
8348	8914
1155	1154
119	115
7481	8485
774	0
3919	6145
5205	2313
8747	7940
4070	954
1369	5686
1892	1759
865	5299
5490	7020
3475	550
721	5952
4938	6520
9132	241
5251	6823
430	1256
1912	1982
1921	3248
8569	9509
3241	310
1179	875
6032	5751
7232	6453
5630	918
107	2163
8365	1408
4850	6439
6400	4768
71	0
4806	2952
2853	4177
6634	5071
1732	5302
8849	1484
6244	2218
1387	9444
7702	6733
7201	7202
2733	2732
1246	7272
834	2264
2792	2170
3110	4581
7129	2362
8806	8807
1560	9274
4642	9994
6790	6793
4291	7098
3771	2403
4248	1908
2942	4303
3700	158
4616	3135
1921	3237
5912	4195
752	8245
9084	807
2117	840
3133	4605
855	3806
5857	5817
8103	9830
6048	7362
3847	5444
4320	4316
2545	2066
7993	1363
9952	719
4549	5993
7442	6548
3328	3885
1732	5014
4050	7962
8072	7537
1667	1469
48	430
4043	555
7505	1377
6277	6544
3650	5183
3349	951
924	1334
8529	4053
9150	196
9326	9612
3592	3619
1244	9777
419	823
7754	793
334	3404
9472	9273
5568	381
1166	5816
1313	2113
4020	413
1381	313
1023	6132
6079	4371
3092	4560
111	4771
5339	7635
4289	6799
4704	6303
6752	6750
7805	740
9066	8867
717	718
4487	4709
370	8719
7764	7092
1095	6162
9846	1010
9074	2292
5426	6962
8861	9799
7089	1222
3760	5346
2768	192
7952	6684
9152	753
8204	1386
8108	7505
2292	8878
5253	1835
2917	3947
3520	1361
2952	3741
2961	6988
3172	2271
5614	4125
998	1000
4803	3543
2067	2555
4791	6416
7372	9706
2944	4324
5406	3832
8631	7577
3741	5300
1435	1833
2915	5141
1732	4982
5813	6113
642	933
2915	145
7356	8403
3051	9278
6974	2889
8017	2
2748	4014
4327	6922
8551	1920
2431	0
2390	7666
2008	1920
5259	3561
718	1473
1811	9717
372	849
8878	8875
1413	432
6294	7660
3844	2508
1921	2037
1696	1527
8626	9964
406	5688
1732	5608
3417	2872
8731	7915
600	3457
8486	9747
7076	6278
3822	6206
173	9561
840	9770
5243	9126
3774	5878
3903	5762
684	1456
9017	2865
7710	6005
3241	5886
2090	372
1924	255
1787	2616
2419	8250
3950	1592
2346	60
8631	7325
8072	5770
2324	6424
6357	1389
1771	1953
5288	5616
6329	9514
6915	5387
6352	7393
9113	4046
271	1458
8944	9099
4436	6137
3948	6776
1160	5929
5662	67
891	7612
1732	2618
9190	50
8403	5892
8623	7743
1115	72
2547	5644
8376	8171
2240	3612
1921	3243
6544	6559
8888	7033
3553	9147
8289	5391
4875	8736
9838	4908
1346	2189
2783	4094
641	5112
8670	3963
8447	8957
2226	7566
1368	259
225	4339
7151	4648
1198	6975
6483	7824
7499	7500
8256	7764
3540	417
6505	6504
1695	8570
7340	7327
7591	6853
4200	1966
7766	7526
4263	5253
3326	3036
7772	5326
5087	6114
535	3967
1876	9965
9735	6144
5499	3903
3649	850
1732	2636
3771	5374
4071	2443
6371	6372
1648	8931
966	2995
4859	7738
3080	2313
1256	1262
4811	2952
7379	3773
7498	6173
2224	4909
2148	2158
2468	3752
670	8553
5671	7118
1187	8516
5122	7825
993	5976
4823	3932
541	6697
1612	1270
6959	6180
3471	9893
3837	6129
9274	9472
410	3195
4650	3205
4938	6521
9622	2158
9340	7924
7397	5729
2943	8190
1944	5683
1104	6467
7457	8452
1091	3679
7008	255
221	4314
1131	2982
1863	9963
3240	8867
1166	9421
8168	2942
3628	5161
1892	6876
4902	4408
8041	6744
6508	1193
9295	4655
8513	3609
41	7258
2313	7053
3937	4823
9420	1166
1491	548
4548	891
2503	5113
1807	1960
541	2349
2804	6739
3665	2431
891	4348
1844	1659
2527	2748
9417	1166
9830	5248
4831	2917
7758	8653
733	9355
2767	5971
3005	3570
7008	9850
2424	6256
739	3091
468	9634
3092	7954
2217	3512
4117	2802
9840	1420
8634	882
2044	850
3815	9521
4621	2394
4483	3669
8072	7497
4637	6252
1773	2375
6795	4534
9810	6474
7033	5436
9291	5997
8020	2206
620	4280
5841	7222
7936	1774
582	684
4108	5724
5161	3628
9651	502
5303	6890
6608	3358
9295	9218
2738	2461
9265	9267
4823	3936
5139	1485
3069	761
2943	128
6040	8486
4051	5666
644	6252
936	5661
199	255
3804	5002
1251	1604
4519	6249
430	2397
7192	3593
6247	2392
2222	9062
2217	4733
5752	7176
3919	2980
5492	6553
7165	8299
8092	8094
4486	4488
9286	1693
2259	3163
1579	6646
901	8687
4159	3608
8072	8086
5421	6955
5418	2115
295	1388
2297	6214
9364	1758
3754	3759
51	2475
3118	2254
6523	4942
980	6948
1014	255
7743	5671
5855	7233
6851	482
9830	7162
3760	5347
5055	3753
880	878
3675	153
5308	255
4484	3049
8240	3167
7195	2451
2893	2888
7431	8156
4675	3186
6201	4199
1946	857
6876	5292
2915	3609
4688	3190
4803	3542
644	9677
278	3108
4184	3437
5187	2161
1493	2451
9194	9224
1961	8097
107	6462
1418	4968
4937	6517
2446	5938
451	3797
7281	9036
1112	9786
6282	2331
4365	6696
1517	1908
1358	136
8174	6486
5105	6982
8057	2932
6818	9329
3919	3317
266	9580
2961	4578
7295	8797
2090	4052
7463	3211
2742	4000
6294	7661
6671	7942
3864	2520
5420	872
2256	5069
951	8913
1356	7932
4340	7765
6913	8125
6398	6401
3139	4108
2785	1687
729	6286
1745	1840
2362	7269
7716	1166
5603	5693
1396	7947
9354	9260
7864	1241
4872	6461
4270	3444
6844	3015
153	3678
2209	7934
9760	3000
9399	9760
5129	2788
7987	4842
7464	3141
249	4344
3884	5603
237	4289
6247	7606
1921	3308
9130	9170
1413	1853
5100	3587
4582	3886
8302	7166
9337	7007
7102	8276
2555	2067
8106	6905
4901	4910
3516	4039
2151	1373
9548	9886
1889	6499
4208	6661
344	5479
349	9609
913	4896
4190	605
4810	6642
4823	3130
3968	8200
1433	5975
1142	7831
998	5997
8177	2110
7060	1630
4645	8275
1510	5622
2066	9439
5028	255
647	7641
1333	4474
2386	5042
4755	3438
3093	4830
1732	2666
8267	8266
6381	8184
198	3772
3175	4664
6128	4418
617	2359
225	4338
1808	3573
5016	902
314	9606
7382	1608
4675	681
715	1919
1392	373
3051	4495
606	1430
6811	6237
481	482
5170	7224
4575	1354
6886	3410
5575	382
4068	7451
3760	5340
9017	7939
2511	3547
897	1009
5841	7223
1402	3423
6783	1144
4848	9978
2189	1524
4997	904
4385	1474
3626	5003
3344	1060
748	4973
4210	7929
6206	8881
8460	3783
3998	7517
1711	1588
8635	3754
6395	8106
2634	2055
1081	1831
6528	2466
3725	6111
5734	7161
1310	9834
7693	7209
5153	6755
6730	5133
2938	1455
8850	7494
9346	6467
6224	4591
2798	4110
8311	2281
8844	1832
8461	1932
5704	7141
7751	357
4183	5839
1912	1984
184	2756
1324	3798
3769	637
9762	6814
7922	7352
5595	6130
1896	9973
5419	760
4018	547
5050	3181
4916	3962
550	0
4770	9139
8115	4413
7623	7545
7666	8297
4494	3051
1298	2769
4705	5447
3015	4443
2345	2887
1131	1713
7974	9469
8977	8551
6380	2106
6704	6817
8183	8181
4596	5286
1807	2121
2810	4135
7008	9851
1442	6291
6302	4704
6059	8766
928	3352
8918	4286
7379	6393
7505	695
5544	6800
7814	8689
428	3715
9971	9224
7936	5395
8226	2324
1201	5279
9767	1635
4164	5860
2113	3856
2072	4799
6821	5251
9979	1297
7569	6219
4880	6470
8991	6620
5574	3903
8892	5263
8109	6599
1177	9096
7408	8888
5732	1038
5946	2460
1316	1637
7702	7701
1265	6991
4796	1081
9757	9394
605	4190
1426	580
8413	7371
8203	2944
4871	8563
2451	8761
1416	498
4645	673
7683	4640
5448	7950
1732	2579
7053	7645
6573	6591
4702	7377
3080	3341
2259	3162
9426	9262
901	8686
1645	9783
4446	5386
2891	8920
5251	9288
6922	8585
3903	2441
9384	1152
199	4167
1921	3277
2414	3604
8719	371
1288	1778
849	8539
3002	4435
272	4945
6372	4042
7623	6261
804	2397
6036	6040
4020	3668
4883	3424
6981	1783
1883	6176
3903	669
8566	8987
8292	2950
9151	9177
4022	414
7794	4050
1749	5105
8357	1406
5958	7299
7691	2874
95	9108
9180	9157
406	5686
2233	2765
430	4596
4365	6695
1358	137
2345	2810
5419	6951
5079	7070
2232	1127
1921	3264
4415	3021
3522	5849
6320	4891
8323	5851
1750	1869
7554	8043
1732	2679
1250	1251
1907	2480
4719	2417
2467	143
1732	2694
4365	111
4510	6987
3133	6243
8618	8617
4278	2935
5299	7
5631	2190
6205	4597
1732	2628
3764	9774
8982	821
7950	4950
6315	255
6871	8066
7341	1257
153	3677
1413	441
7275	7278
9760	3001
3963	4222
4927	3471
7351	8399
3112	6982
3838	2503
8077	6887
9184	1635
1921	3299
7198	2255
9130	9171
6356	2249
3841	5417
9482	6603
5683	8272
5901	9679
9118	7804
1723	1654
2875	5940
6719	7968
2725	178
3241	308
541	6723
7009	5478
1670	7442
3557	8918
651	4548
2474	6957
9246	9206
6581	6574
2233	3019
985	2445
2921	4258
2884	4402
4922	2281
2817	5074
1732	2667
5295	9685
6139	5028
3512	1493
7814	6931
9594	1687
2952	6643
7371	4129
3341	320
8548	7583
1454	1666
8130	7674
7189	2254
7615	9318
2218	6244
3474	4440
1209	4281
7381	1924
2133	2184
9846	9446
2269	8750
6639	4261
2074	1139
8184	8414
2113	1315
3425	7765
1737	9935
3443	9924
6783	1147
2096	6959
6249	5413
7269	1245
2150	4592
1723	1238
8392	8942
3324	1661
6048	2862
4425	2994
5587	5586
1263	5240
2281	7827
5450	614
8235	7053
5107	255
6054	6055
2183	8615
9514	1597
3832	4330
236	2979
7182	5174
1664	1461
6208	111
837	651
4220	8742
2189	2885
5076	1068
3167	2263
7325	1793
4823	3934
824	5181
601	549
6566	6573
2189	2886
8863	8832
4446	6055
1937	6282
5036	3539
5630	5631
8132	6011
2669	1732
8046	6860
834	71
7702	8595
3692	7008
816	6466
3142	2346
6685	3629
221	4312
6585	6574
7474	6366
314	5244
4145	5769
1088	1548
1882	1694
273	9582
3381	7462
643	8078
7146	8296
985	6192
5267	823
2078	9
2376	3509
9992	6111
1131	1907
2204	2203
5468	7928
5717	7150
3525	2860
5252	2258
2265	3572
3005	3568
1750	6617
1011	344
7505	694
9240	9612
5599	1876
1732	6889
6474	2277
4204	814
2004	1912
4033	3150
4303	2942
4637	6250
983	887
6749	9303
8853	9061
2365	24
6219	643
6581	6573
2208	2209
3963	526
872	5420
4850	5071
6047	4312
1667	1470
4246	2917
1484	1837
6117	5430
458	5983
6195	7632
6123	6102
7396	1200
6871	8064
2767	3115
6710	7964
8428	8950
6352	4753
6170	3928
4871	8562
6594	3972
7010	8034
9686	747
7640	8525
7950	741
4330	4194
6245	9257
4948	1015
541	8688
8730	7915
5362	9080
4621	6236
3935	4823
1732	2723
1224	4134
3561	4082
1402	422
9820	2750
5840	5099
1888	565
1486	6092
901	8685
5973	1937
6409	7763
3642	8632
1187	8813
8376	6736
1863	1750
7571	6219
5827	5829
7907	8721
3769	7359
2472	3756
694	4731
6028	6783
8380	2190
3631	8916
6754	8308
1098	1913
1179	9459
7690	2784
4984	6560
2865	3969
597	7918
1702	1732
146	398
3458	5717
4613	3135
66	2317
3903	5498
461	3829
5723	4129
4675	4753
2738	7060
51	862
4395	6669
8353	8354
4146	5773
4852	6444
4259	4262
2152	1200
4874	3913
3716	160
1755	1754
1546	6155
2943	2962
9882	2922
7743	8623
6083	6056
7089	45
6960	7049
3093	4792
6076	7408
38	3155
1732	2672
1931	641
3093	6282
480	6851
2283	2285
1732	2695
5472	884
4614	3135
291	1373
5142	1207
1557	9874
8072	6170
2172	2962
7602	1494
9801	255
3508	3502
603	4172
5817	5818
8764	1671
35	7258
1127	9335
5071	4850
1852	2193
8018	9641
2056	4005
907	5321
9594	7396
1163	8021
4156	3405
460	6076
833	3010
1600	81
5710	7143
8494	7493
6772	7992
244	1702
5615	932
6505	4919
1921	3298
2381	2383
9749	1064
17	2847
6427	7777
4915	3543
4081	6734
1612	1269
3745	5656
7916	597
1711	8800
8377	909
4645	676
7079	1215
7010	7943
6144	6733
1921	3286
6901	5322
8140	8132
7628	3115
8155	4623
9058	8853
3844	471
7263	7261
9701	722
4435	3387
9470	7974
6360	5753
6860	8046
3197	8609
4787	2348
314	9604
3814	2491
7181	3796
2411	3577
7272	3930
1637	8515
3324	3455
2500	7462
6660	6705
1392	375
2952	6644
4738	3255
6452	2471
419	1705
5108	5070
4488	4485
4877	9464
3760	5342
1732	9361
1898	7765
6308	8173
698	887
1351	158
4211	889
7464	7869
7332	5985
3903	5505
3174	3603
6069	5081
2735	6518
3094	3098
2833	3113
5242	314
6202	2819
6783	1146
5538	3351
4812	4810
301	9624
1921	3278
8490	4844
5294	7099
1177	9275
2748	2489
7274	8793
2125	4848
3208	5151
545	5370
4109	9029
9991	1975
7935	8740
3346	1852
1278	1803
8020	296
4251	4729
2805	200
3410	7194
3949	199
9844	5382
9460	3443
7220	9371
5230	1835
8417	8407
1367	253
907	8700
5492	4376
951	3349
380	6675
8240	8869
1732	2632
2835	4945
2158	8352
4749	6355
3952	9234
6033	4050
1921	2028
2523	60
9496	9912
7598	8557
4211	1355
7896	6611
6262	4663
3655	2426
4721	554
2259	6375
6758	3743
847	6090
7878	6582
8825	8040
8814	7398
3032	4829
6489	255
2312	833
743	7301
9458	581
4871	5384
9603	2493
7939	8746
3108	278
6080	6930
6194	3079
9964	8626
3692	4369
3086	255
876	6403
4236	14
9679	2806
7018	6175
8329	7215
9405	9761
3743	5301
720	5539
9328	9612
850	3328
6567	6572
5243	7514
1811	1950
8180	7893
6943	6946
8275	6912
3967	4214
5198	3664
2092	698
3940	4836
6738	3894
1109	8036
5264	6837
8428	8951
5429	7986
1095	9193
6804	6809
6788	6374
1426	578
8131	1591
2721	2724
2759	1959
5552	3919
1532	64
5500	5576
1701	3549
6245	9256
7781	8671
6012	5617
317	1706
4070	7715
8799	1494
5364	4412
1673	5094
8360	774
3522	2044
901	8684
9136	7330
9799	3543
5581	2482
7442	7452
3768	3179
1296	9297
6865	9478
7793	925
635	6988
3741	4812
9583	9316
1888	1411
2367	3488
6112	8379
2472	3757
9097	8943
8202	6294
1732	4399
170	3759
1732	1443
3352	31
8796	7295
1739	5649
8461	7459
250	3036
9359	2246
833	4595
25	9525
9621	437
4416	4412
1758	8844
3098	3093
6945	6998
851	9554
199	2823
3180	7668
2469	6614
3747	7389
2802	351
3152	1678
4715	690
1421	548
2217	2951
2427	8379
2520	60
2880	5904
6644	2952
5303	3082
6974	2893
4597	6071
1664	1773
4365	6693
1194	8373
3519	3875
1	4862
4952	8009
6318	255
3610	5396
5294	5292
1954	1773
880	879
7647	6278
7324	4348
1732	2673
2961	4353
1733	1780
1086	861
7585	7588
2775	2259
1609	1115
5774	7447
6673	7944
3727	54
4745	6347
1921	3309
1557	9873
3381	6072
7217	9919
1703	339
7950	4948
3019	243
73	4730
3953	2530
1593	9488
4251	7669
9226	9325
5719	7154
9247	1109
3067	4525
5616	2481
3560	542
4710	1916
7944	6673
9286	1370
1921	3297
5066	6628
6613	5048
7073	7461
1791	5154
9688	7392
6455	6145
3334	744
5958	7300
202	2809
1641	9564
3416	4866
8740	7935
111	2860
3087	7094
3769	5535
2412	237
4092	7577
3149	5692
3748	8823
3032	1192
4345	5090
7457	8459
1565	9307
6134	4436
2365	914
4919	6938
8867	9067
5934	4207
2531	3123
8917	6219
1106	2111
2356	1274
188	4255
37	6600
9075	5683
6264	7084
7950	4340
3903	5572
7620	2186
1098	869
296	4201
2184	5729
9158	7388
7225	6862
3010	833
9860	3939
2411	3576
461	462
170	255
7296	6871
3695	9631
6363	9422
9640	40
5933	6333
2330	1937
6091	7430
1449	0
3760	5343
9085	4211
318	1405
9456	7188
8812	8132
6446	255
4137	8860
2113	1313
7727	4329
1221	3222
3795	4885
8072	9454
4172	603
9402	9760
3629	6202
5324	3699
3760	5659
6198	5066
6371	6373
5170	6349
2918	220
8249	8884
773	1852
6678	7946
1418	7617
6369	6897
3195	4938
6668	868
9446	1589
3781	2473
6925	2547
3815	2464
1239	1599
4497	2652
2162	8878
2277	3206
5557	8734
2945	8825
5132	1085
6459	5654
5252	9001
2926	877
9355	5750
3532	6469
1921	3272
973	5286
1164	9803
9171	9130
8928	8373
8093	8095
1655	1723
2241	6293
3424	4883
3757	2472
1552	6272
5183	3650
1962	0
9352	9648
2475	2348
3627	5160
5979	2487
4639	6213
4838	6058
6323	7687
7758	8648
5034	5038
8750	9024
2116	8344
4249	913
2426	3261
646	3367
5362	1184
4342	4341
7493	8494
6909	9389
6183	5401
3513	9686
7989	9140
6473	6043
255	1924
8614	8993
1776	1974
8417	7059
8762	7978
6286	2987
3847	5443
7986	1001
8062	6871
5572	5576
6976	5447
9295	6419
8827	7355
2977	5656
757	5470
9200	9237
6141	4440
5953	721
4554	3089
6189	255
9298	255
3635	9239
312	5225
6804	6810
1921	3270
3640	402
6190	6177
3512	1730
5252	3704
716	8010
9317	1034
3069	3048
2487	5979
593	4161
2194	5916
9549	4649
1578	4420
2439	3363
6855	1167
3525	9899
1095	3652
4674	6351
1739	1805
2983	2147
840	867
3732	8116
3534	255
8400	3204
7775	772
7218	4536
3741	4811
4194	2915
3740	1325
3760	5351
4210	4842
938	1503
3963	4225
3255	4744
1398	388
2948	4419
1091	6173
4079	1619
5969	5936
6212	5632
4436	5422
2149	5320
8212	1478
254	1786
2874	8867
6554	1673
7389	7393
597	7916
3098	3090
7010	3910
6798	95
9360	5027
7751	4997
4902	725
4204	5919
9309	9559
3533	7907
4607	3134
6914	8134
9269	1119
5320	4956
703	9693
3546	5052
5538	3042
144	4377
9688	9365
8206	7013
9727	4105
6717	5710
560	9656
6925	3190
5892	5894
3145	4852
3740	3794
868	6668
8719	3562
6243	3133
1732	2689
712	7346
7379	412
1131	2740
628	3548
3046	5297
8237	7053
9961	8143
6474	6476
4012	9298
8602	5000
7950	4949
6917	6753
7921	4763
3707	5650
1166	8088
4406	6853
3860	3973
843	3069
2281	5734
7105	5599
729	2987
1732	3486
5825	4165
8825	7169
887	794
6653	1117
3801	4165
541	6285
9017	4875
1917	4051
4138	4943
3676	5216
9168	9129
6772	927
3692	4216
4957	6699
3624	392
8585	1517
8575	7624
1194	5338
3635	1892
2562	2068
8052	6866
3185	4667
932	8833
2116	4734
7844	5575
7462	2962
2970	5825
4436	6136
155	3187
7652	6284
2317	1459
1940	2341
4304	625
3099	1177
4855	3524
3629	2355
5237	4029
8776	1402
4211	4284
9666	1605
1509	9026
7583	3422
1112	4306
904	4997
1548	1088
8627	1447
774	6356
3604	6311
9735	6181
5214	831
2476	2441
2844	2428
8750	7857
4441	3014
9901	7577
3416	5307
9549	2246
3512	6339
1958	5154
734	4849
7063	7039
3037	9653
4783	5338
4667	3185
8848	1483
6828	6825
4170	5828
7104	8277
7313	9673
1921	3276
8295	1612
5726	1524
4543	6198
845	3366
9624	301
6736	3154
3769	2327
9666	1219
2641	3623
7351	8351
7013	8206
1008	9765
7179	5758
5936	8642
2765	255
8486	3963
2301	3005
2557	8295
7436	5306
9246	6687
5776	1242
1557	2464
2040	1921
2175	851
2817	1371
5135	2805
1449	1116
5096	2316
1732	2581
4101	6421
4608	3135
4869	5719
7197	3613
541	2054
5129	2075
1131	3806
7904	6617
8767	1464
3741	2144
2217	4730
1844	6860
9779	4326
499	3962
3610	3050
6717	6315
1912	6279
3649	3196
3912	206
4734	6338
3069	1737
7665	7851
2413	1957
3562	5234
9712	7358
7934	2209
5593	9124
3422	733
8372	1127
832	1283
3847	5442
1317	1637
2377	97
8742	9007
2135	6070
8853	9058
849	372
9216	1104
6337	2729
2502	150
4938	763
3804	5543
4952	1808
4008	1036
4254	0
407	7111
9665	1219
1260	9789
4255	6015
7135	5695
331	1416
2860	4185
5173	6409
3116	1311
5650	7100
9361	3658
9048	8808
1921	1292
9801	7564
3214	7339
1426	576
3541	5039
4081	5885
9780	3135
2357	3462
975	5870
4447	5761
4013	5628
3034	4706
4175	5131
9760	3568
7299	5958
9208	9260
6680	5066
3771	5376
8089	1773
4103	5015
6168	9130
9717	9379
3512	892
7665	5633
3701	158
9231	9355
2367	3961
2459	2281
8525	843
6612	4346
7092	4620
5885	7273
1296	9305
1119	2591
1499	931
7635	9955
1872	1524
7179	1232
5396	4335
9360	5831
3605	2414
1751	3188
2834	9932
4626	6242
8308	6754
7420	7727
2887	2345
3942	1968
6532	4955
6954	5419
1311	2513
2862	4187
989	6871
1354	6260
6222	4590
2523	1901
5817	5859
7653	2469
7269	2362
9886	5660
3738	2963
1229	9821
4595	1494
5427	9812
3098	2363
5946	7292
4210	2962
2733	5065
5857	5861
2316	5096
9369	9981
6229	5882
7555	7553
9465	7974
9309	992
3524	4851
71	8542
1413	442
1587	1207
9912	9492
6958	6160
1732	2675
2961	4359
1369	263
1142	5028
5528	3906
4967	3499
1732	2690
6918	5338
7857	9806
5192	5070
4410	628
6700	3834
6113	7443
2123	1807
4207	5935
3538	4012
1921	3249
1773	1956
6591	6573
7625	6264
7925	2376
2903	1671
2880	3852
4435	3002
3466	4818
3716	2508
6337	7708
5710	3620
6372	5023
2422	1962
9560	9310
8305	7174
3543	5041
7240	7630
6620	5883
7632	4883
3014	4442
5449	4133
4200	7810
8307	2286
3738	5282
1724	7186
144	2976
248	237
9760	3004
4514	3067
8225	2385
2534	636
3965	5599
6360	7726
3394	3393
170	1920
9846	1716
314	5243
7457	8457
7480	7479
3118	8419
5170	6763
8438	829
4276	218
9612	9204
7702	3124
5028	6605
3842	5420
2779	2851
599	4836
2912	5248
6676	6677
9268	1119
6459	492
1142	8370
8627	1446
7000	4261
5556	7051
7609	5672
4987	6568
9746	9387
9360	3743
9015	8692
8937	8380
5094	3477
9595	295
857	1946
5551	4055
2427	255
5538	7034
3701	4399
4679	7053
3588	977
5038	5032
2110	7238
7840	1345
8490	4843
1794	5535
1583	3903
1621	2152
3422	6550
1951	7276
9151	9179
1301	2154
3632	399
3545	330
7876	1908
8415	6280
7603	3028
5543	3110
8445	7436
6846	6844
2672	3399
6184	7516
8681	8679
5696	4765
1732	2715
1570	9331
4080	991
3751	4916
3193	6086
6462	7807
3201	2276
6662	6253
6698	541
82	9994
1490	548
3975	1915
3743	9508
6704	545
1284	6423
2426	4458
2368	3491
5994	4252
7982	349
9717	8994
5671	4210
261	4892
1732	2635
6227	2881
6385	7431
9101	9153
4719	1717
3558	5716
3537	7381
4023	2165
6565	6571
271	2324
7741	3125
1418	5848
1298	1811
927	8892
6799	4289
2528	568
5328	6493
7238	3191
111	9285
4214	607
1724	7187
6421	3531
1811	8735
2961	4061
5420	3842
821	1499
1937	2331
2022	81
8035	1357
1476	754
1701	8620
8723	7907
6076	460
767	8317
5870	976
144	7757
4675	6351
736	9704
4020	4017
5028	9705
7775	3624
7036	9151
1260	9790
254	3174
8173	6308
3861	4184
2149	8703
5036	5038
4683	3190
1426	7955
6895	2451
9031	3613
4570	4571
1927	1689
7806	9361
1413	3714
6701	541
1745	71
1413	1682
9952	3652
4196	2875
6738	7975
577	4125
3067	4514
3771	5379
7564	8104
3539	5037
4820	4818
6924	4836
1739	5543
1921	7835
7012	5563
6922	8154
3404	334
1779	1884
7998	6773
3743	9828
833	1294
9961	7172
5869	6329
2426	6866
9954	7627
7796	2279
332	6864
6817	3164
2204	3475
9938	9504
1845	288
7975	6738
3675	5212
3095	9829
6582	7878
2135	23
5708	4101
5607	1877
6582	7877
5581	5364
9667	1219
4160	4161
3071	2317
581	9458
4606	3134
2385	2318
1732	2910
1572	5568
2151	9581
2970	6113
2185	4419
3903	1583
1845	5545
5279	9605
1881	1880
178	1690
9785	1110
1732	2684
3764	170
882	1361
198	3914
6465	9362
6087	255
1732	2691
4284	4211
1368	3122
1064	7979
1921	2021
62	2288
1326	9940
4089	437
4207	5934
4898	3441
9296	9539
1894	4989
2400	1612
7482	255
2411	8087
7921	4761
7646	6277
2380	5885
8605	3321
6639	4236
2968	3601
2246	3102
8181	5865
9721	2136
5549	7464
1695	9923
1911	1922
2678	2113
5028	7601
5069	2256
2368	5930
5976	9559
4937	2948
6785	1149
4597	1319
9624	4371
5492	76
7856	6546
4503	3523
1231	1267
5415	9870
5203	5226
4850	1935
1139	2074
6751	5253
3888	8215
6550	1288
314	5240
1160	48
5949	1944
9425	3143
3772	585
8594	7702
8449	2209
9307	9309
1113	3556
887	5334
6371	7731
6005	7710
2233	3022
4620	3135
1610	2938
8905	8306
3492	3359
57	2871
2066	6987
3450	985
3409	5551
6676	6678
1752	5658
3534	7437
3794	4678
2281	255
4489	4709
430	3810
8516	1187
6032	839
5630	916
1143	1924
4611	6084
554	5133
1647	224
4183	6200
5151	6058
4853	148
9361	2921
7985	9345
9648	9352
9731	9730
4082	954
9875	9465
5174	5670
6575	6567
6197	5521
249	823
4051	8874
8548	7787
875	5200
458	2248
6537	7987
4486	1916
2116	4548
3903	5517
2439	5757
1016	3573
8586	4414
5852	3179
2500	3825
6489	1773
4102	3654
7358	9712
6796	330
601	7138
9295	9217
7751	353
722	3888
4725	2352
9151	9178
299	4563
4573	3094
8273	6485
1711	1586
8663	9004
5960	6662
6777	8003
3069	5778
2425	4145
3774	7414
6600	7889
1091	5150
2859	5550
3524	4856
3316	1871
4192	4193
3051	7729
3620	5710
9697	8911
6087	7426
3641	9908
6117	8860
1667	1468
2427	4129
6228	4597
1844	8386
2427	3658
913	8025
2775	2497
7932	1356
3810	5394
1912	1990
1939	857
8738	3
8877	4160
4195	5915
1936	6212
8625	7743
1305	1707
7702	4998
1711	1585
4210	4579
4287	5613
6932	6933
1941	5947
5960	7304
5310	4691
5659	7107
2076	1979
4715	443
5863	8107
2261	3572
6134	5624
3374	3986
3583	7471
8986	3920
2110	3890
5932	1524
9916	1034
5402	4803
153	3675
4985	5172
6705	6660
8592	3754
896	3887
9437	9820
6270	6653
91	1355
5027	9117
121	2410
1730	6870
3963	500
1797	9812
5784	5944
2242	3097
4669	3181
8490	1334
774	2421
3203	1656
5028	9706
1357	8035
3004	9760
1260	9791
3368	456
40	1381
9392	8241
5764	1063
8200	9232
3641	8630
3558	4102
1279	6372
4499	6171
5039	9994
9439	2066
3833	2210
5129	3705
459	2919
2210	5059
9552	1189
3067	4515
6586	6307
1732	2585
1921	3254
6063	2448
9804	5550
3092	4568
7151	2516
5050	1855
547	4018
3067	4517
8772	8006
4631	7634
6608	7895
4613	7092
1350	7042
1739	1806
3701	235
2806	8065
3931	1792
2844	4169
6074	255
484	4825
1343	8379
6896	6206
4143	4720
8129	6913
7716	6332
3382	4437
8516	8970
1014	9029
8490	6994
4678	5371
1773	6489
4161	4163
2352	4725
7341	1258
2983	4695
9216	1308
3131	705
7354	3144
3898	3674
7098	3837
221	3957
6164	1099
9742	8486
352	3607
2414	6614
5253	6217
779	5104
4447	2441
840	0
9971	9371
4717	8880
3561	542
290	5112
3894	5123
6065	7785
93	2921
319	15
1177	417
548	1490
6434	1294
6012	2136
6587	0
6612	7897
4745	4734
4018	546
4870	6219
3927	2835
9129	9164
3591	3436
541	237
151	4434
861	379
6293	9820
48	797
8462	8966
2044	3522
1732	2700
5973	7594
7392	6887
834	4755
4206	6117
826	983
5141	1473
7272	1246
3815	1854
1355	84
9237	9200
3774	5886
2214	2928
6560	4984
1773	1954
1743	1826
7270	3644
672	7852
158	2762
3241	5862
6906	8050
8898	2798
1163	3685
3014	4441
9760	3007
6327	7692
3859	6412
1697	4705
1473	5141
7053	8236
9734	868
2473	3778
7987	6535
7457	6741
1921	3301
6899	5317
2523	3869
7598	8555
9364	1949
7105	227
2995	3206
1745	2961
48	0
2428	3662
2210	3833
5694	7133
4950	7710
3492	5793
8483	7486
2509	3851
1354	3921
6600	5998
550	1421
3770	3113
3074	3070
4749	4060
6182	4466
2809	6199
2055	4085
4996	61
3194	4691
3190	339
6648	5290
7257	6600
9265	9435
1294	8392
8860	6117
4597	6228
6139	4124
4997	6576
5826	4872
1538	1696
6188	255
3903	1602
6802	1151
3760	1710
2270	2413
4074	4890
669	5574
6269	5171
7097	1958
6192	4842
7355	7436
135	1358
8397	3751
1224	9723
5630	8380
2277	4101
4263	1923
7841	6533
585	7548
4975	3522
3603	3174
1897	4459
733	9230
3138	2779
5474	3897
7265	6880
6230	44
6227	8987
1936	2060
8614	6888
32	2182
5593	598
4871	984
3536	8188
9991	1668
368	260
906	1494
2158	9622
7982	350
4081	3541
5273	5551
5418	1899
319	3340
4343	4372
6173	7498
6099	2236
8883	8249
1810	1353
3255	3979
1732	5061
6772	5606
1482	1485
6612	844
2272	3184
8178	4668
6352	8718
3897	5475
6921	5868
2240	2497
7312	7659
2952	4812
1265	449
2427	3661
4635	9424
7581	6231
8770	2339
5575	3903
3748	2249
1732	2598
1912	1991
719	9952
6843	8038
5689	6199
2376	9064
9226	317
3563	9689
4945	272
9424	3143
4856	4852
221	4306
3685	1163
7752	5142
5094	8960
3449	2439
616	7241
5828	4170
4957	6541
4051	3475
3588	627
8041	1621
6372	68
7480	7791
1696	8549
5948	1902
3108	280
5659	7106
3810	430
6356	5202
3898	6274
1743	1818
1432	958
6734	4081
4659	851
6969	95
4266	4400
1661	1320
152	4483
2053	9997
1368	255
9748	3066
483	1327
1544	9869
6451	861
1873	5694
2367	2214
8588	8925
2172	712
456	48
6065	7383
6507	1114
4079	5569
1142	851
5139	4438
9811	6474
5097	6663
5299	5457
6775	7999
2749	4019
9908	7743
48	456
2259	4440
8050	6906
2116	255
1478	8590
9211	1097
7638	6573
5995	4252
7489	8484
2439	418
3255	4741
6897	6373
3398	2669
70	1350
5185	5307
6824	5251
162	6241
1666	8119
6462	8348
3092	9352
829	2480
6690	9746
4680	6391
1732	2586
2324	2978
9624	9211
3181	6463
2753	9816
5769	4145
7265	700
8734	5557
1049	1036
1021	6121
4057	5004
380	9615
862	3602
4440	3474
8636	8997
3032	9726
1197	9242
7215	2359
2240	3096
5920	8786
6260	1354
5659	7109
7922	1437
4399	6099
3374	2108
3121	5863
7463	7867
4734	4745
3542	8434
6718	541
8036	1475
1707	1305
7169	8825
2070	8803
8189	6995
1941	2748
3522	4980
4405	2984
5328	4917
6004	9827
1787	5153
8012	8014
2226	6939
2235	616
5421	6526
1166	9412
9938	9502
8528	844
8072	7533
973	4483
9806	9433
6453	5435
8170	6549
5519	5735
3532	138
17	9520
9081	7191
4591	6225
8735	1811
5279	6863
289	111
2488	2486
3624	393
6575	7638
6504	1111
7615	6173
6996	5409
8679	3527
5129	343
9578	2456
6847	1165
2116	8346
7797	326
6304	4704
677	5603
2899	2138
1121	3573
6259	4647
4040	3883
2746	6111
9237	3471
2865	4190
9747	8380
8147	1381
1732	2686
5836	424
8373	8926
6360	255
1064	9749
641	7471
1478	7778
9760	3006
214	1758
3190	3194
1355	87
1716	9846
2214	2929
7065	1610
8869	8240
2473	9263
5827	4170
840	5663
3387	6147
3847	3148
9760	6569
7727	1050
4263	5652
8267	8711
9509	9287
8246	8879
3069	4533
7907	8728
4209	4546
545	1180
1677	8030
1119	1694
9547	76
5585	5586
7987	6534
8292	8072
4885	55
1921	3300
9028	1509
2531	3740
1182	6927
8880	7955
9816	1218
3721	9696
6573	8215
7565	7214
462	461
9917	237
3973	540
1930	5759
8487	7485
301	6033
4251	594
1892	9969
685	1456
5779	1433
4330	6196
4093	8952
2877	793
2477	1251
745	4752
6982	2313
6761	1612
8420	817
6839	7095
2233	3020
4705	5747
2267	630
119	7163
7505	8108
9360	8428
2255	4082
4939	3493
8522	8973
98	2283
5826	7211
954	2719
6244	1903
2056	6737
820	9610
2092	2543
5996	4252
581	1733
4658	7549
3983	2729
6606	7948
9532	1188
4070	3430
1776	1975
1169	6888
1968	3353
4056	5674
2779	4090
9292	6220
2320	2339
6139	6293
2180	2831
2067	5070
4108	7346
5413	6942
8029	7758
4880	5205
5408	3833
6231	2201
927	2182
8554	2283
4730	6645
4102	5713
5686	406
9760	1905
5386	9623
6777	8001
5279	4917
360	367
4949	7950
9794	5175
3753	5055
8380	8936
2415	9358
7757	4384
3156	5101
835	111
8863	934
9054	9138
1099	9213
1131	1127
3743	9360
7640	8580
3897	5474
5038	5034
581	6532
9017	9128
2376	7925
1082	1546
2427	3660
4571	7083
1517	8585
1371	1920
7702	8596
1732	2599
2292	9073
3546	9135
2346	1524
3903	7842
4131	7438
1921	3284
9084	806
2532	2162
616	7242
4546	4547
1972	6091
3517	9560
24	9523
1269	1612
2170	2790
1813	1740
1296	9302
7417	638
2297	6321
1173	1174
59	2284
8027	3548
1753	1920
832	240
5307	6892
2943	3998
6802	1719
2480	7327
7752	3731
1719	9931
2464	3815
1325	2481
4706	1902
1445	1438
5936	7286
706	80
1164	9081
1598	1713
1351	2250
6348	7235
3760	5190
3612	1117
4483	799
4256	551
3894	6738
8072	7538
883	1908
6688	6466
5531	9068
9608	350
877	2926
833	2504
2519	8786
6324	6960
8447	8958
330	6796
8371	7436
3672	5206
1284	9845
883	3927
1528	1696
4436	1361
4673	4961
6470	4880
3743	6758
3025	7750
483	4877
7515	6184
2375	3504
7847	669
6561	8212
2518	154
4937	6515
9435	2802
1326	1582
2641	2819
5240	1263
6880	7267
2053	1164
7254	42
3760	5354
1656	2237
2962	6063
642	4136
4200	208
1849	1848
3851	2509
4481	1411
1396	1334
9129	9167
2819	4148
7081	3182
3205	4488
3741	4806
7936	563
4194	2940
4071	2773
7920	1403
726	4904
7674	8130
5133	4050
3443	2787
6199	203
8047	6860
8619	2281
1544	255
1178	1212
9902	1307
4823	5606
8738	1134
9775	4432
7552	7553
5672	6894
6816	6938
156	1681
6209	5062
8187	467
9545	64
1864	1750
9938	9503
4101	5708
8072	7534
774	8360
6271	4679
5509	5510
1782	844
647	2413
1912	1988
9234	1456
2371	4260
382	5571
5693	2444
4366	5953
7270	4766
4125	2910
1919	6838
1166	6266
8783	1874
4306	1112
2350	77
8572	7615
2977	1196
7951	7992
1740	6330
2865	6753
3524	5072
2929	8057
4762	7921
4292	6219
2108	834
6182	7508
6717	5705
1750	1861
3522	5696
3699	4471
8849	8187
1188	9532
8613	2183
3402	2679
459	9626
9113	839
9011	7098
1303	1657
4713	3210
4868	311
6382	496
1921	2042
9830	8102
9478	6787
6033	4622
3758	2472
1604	1254
8285	2737
8286	759
5324	601
938	3194
8943	9097
6856	5272
1797	1418
2246	3101
3111	5147
8031	9936
484	4686
4546	656
7053	8234
4591	3815
3418	9711
7987	6537
3627	1646
3466	4912
6620	5879
5704	7476
5071	6635
5432	3843
3032	6861
492	3627
9982	7699
6799	7761
318	1016
6938	6816
6297	9670
8132	2391
3492	5795
3968	3740
379	5564
3364	1117
7800	659
9026	1509
6891	8079
3860	8215
2451	8859
5821	3648
5174	339
3774	5876
8362	8923
6372	2979
8867	9066
8736	9019
6665	5677
6862	7225
2233	3027
5590	465
8641	8289
3178	539
1844	2182
3070	3074
6307	157
5630	915
7121	7120
9286	8303
6305	4704
1224	9720
2520	2333
6401	4768
9748	9390
8721	7907
1796	8249
5302	6888
5745	1933
3567	2481
3477	5519
7936	570
3646	2420
2833	4158
6573	1225
2954	2217
1561	9274
423	3974
4174	4816
6865	1080
2744	181
1878	8962
8051	8792
1927	1381
2915	4241
8072	4175
3613	7196
542	4463
5521	3847
4823	5704
339	1923
3054	76
7165	4067
4749	1874
1343	1344
1296	9299
2070	8088
5494	2819
5556	7050
4325	9745
1748	447
3701	237
1244	3516
6002	4265
4008	2972
1811	7876
7081	1831
326	2931
1694	1119
6620	8251
1732	4897
7758	8029
8045	6281
6115	1019
9746	4999
4612	4611
5101	4748
2641	5775
