1577	3597
380	81
4093	1176
1500	1860
4881	3177
4320	3962
3025	3138
2944	644
2603	1017
3200	4893
1626	1915
2125	4927
1576	2595
1329	1245
3551	908
4296	3238
3528	1977
4973	4954
4290	1367
3650	859
106	156
1100	619
2660	2771
433	3809
4260	4058
450	1965
365	3134
4738	3022
3200	4797
4139	3432
2472	3560
3552	3735
2287	694
290	732
2067	4241
456	4799
3017	413
2933	17
4645	680
2665	1223
2213	3883
2570	472
2531	700
3200	639
3585	2023
4564	1907
1984	729
330	3058
241	4534
4868	4107
2857	2836
2339	3085
549	306
2456	1391
2889	2047
1625	356
3212	2684
985	2678
4114	3318
723	3238
3585	3511
2574	2404
4006	277
3200	4842
2125	1364
1842	257
2092	774
4270	4110
1711	1978
837	4132
3749	351
3551	3699
2209	4371
4385	4674
2726	1634
1251	3761
3047	418
2264	4187
2743	2382
156	2298
4195	3303
321	3039
1028	4671
3083	101
4388	4389
3104	3160
3077	2195
1092	4216
3066	2470
1086	519
1433	4661
1964	1359
2883	4576
2863	2638
3200	4854
3248	1791
642	2216
380	78
2670	1227
839	2318
4214	719
3491	3047
1506	1988
2422	2819
4610	4193
306	1327
781	1682
726	74
3266	2399
3639	1526
445	2838
1558	4527
2738	1217
757	819
4195	2819
1329	2997
124	2809
2174	3564
2680	2373
3551	909
3200	3881
3449	3831
381	52
205	2234
839	3647
4335	1657
1012	4980
641	143
88	2774
3633	1060
3728	2121
1255	4010
22	3484
648	1295
306	3863
668	3933
875	2487
746	2461
726	86
4240	2134
4164	3817
3432	2774
3406	2162
2582	2672
1400	321
4464	4367
2057	1843
4287	1394
4004	462
4649	2097
3253	292
2262	4981
2215	3029
3539	3891
4124	3182
3144	316
2364	4435
3753	3002
354	4541
2422	177
249	1273
3440	2838
4695	1019
2110	370
2231	4569
17	2664
726	4024
4155	622
3542	3669
4479	1571
2072	1106
1338	286
4275	2829
4225	3544
3312	3679
2361	3001
1354	2767
817	4430
4486	4487
4357	1073
860	1123
2201	681
1359	1964
2427	495
2919	566
69	4029
498	3769
330	3059
2589	2243
4227	4228
4063	3027
4276	4273
2934	606
4556	2125
3551	965
3249	1247
2586	655
2154	678
72	1407
3200	4843
4210	1858
1034	2642
3553	636
4578	261
2843	2842
3551	3698
754	4706
2209	4370
3211	688
249	1587
4283	1258
2722	3161
3138	3025
3592	3593
4048	3236
1237	2355
4195	3302
4950	4369
2881	4155
1647	2282
3251	1389
1092	4217
493	3135
3749	1288
197	3077
4482	1803
1706	2778
3307	2887
4048	4688
4356	2254
338	3952
380	79
2209	4572
1527	4240
2094	4656
4526	2405
2900	2389
3122	4091
419	1376
203	2598
2597	4631
3200	4915
2355	2353
1765	493
3513	2004
506	3850
1041	1037
1019	4695
3545	639
3595	1411
3177	4881
4237	207
1965	2618
4497	4054
1457	4525
2604	2524
3984	2380
1990	3110
2858	2959
2643	2287
4082	518
3162	3161
2641	2917
4469	4646
4169	2538
2087	287
1489	535
1476	1479
3163	3821
3182	1718
4525	1456
3542	3662
2400	2918
4007	4166
1557	849
3253	1338
4419	1654
1694	4509
3551	465
2306	3781
2527	2389
306	3860
4029	87
2582	136
3220	3280
70	2692
1175	662
223	3612
2744	4382
3770	554
2792	1809
4558	1711
2798	2827
2179	2583
4424	1545
4703	2189
3761	4750
3087	1114
4086	758
3252	2338
3761	4746
1048	2605
3222	3196
979	2196
1034	670
3551	881
3273	4989
3270	604
4066	602
1512	2065
1391	2182
4606	810
1392	4312
1114	3229
3448	3363
2072	1107
3972	495
2411	1398
4936	4910
4688	470
2756	2146
1440	2453
2115	319
4301	979
2859	3360
604	3760
1594	3583
498	3766
4991	1554
330	3056
3521	4206
3868	1269
2932	1587
859	2816
4183	2251
2379	4727
4237	1088
2084	3496
3551	964
1558	1626
425	3612
3330	4490
4377	2221
715	2650
1271	1365
1064	3633
4497	1319
3200	4844
2687	3259
4069	4865
2155	1811
2873	2452
3749	2192
1424	4420
749	2002
849	2420
3749	349
2	3242
1739	3192
3484	741
2507	2737
4264	2295
3189	2198
3200	1343
3320	286
4597	90
3382	2030
1082	1566
4660	1427
3093	4881
12	4956
1358	683
3306	4715
2422	4280
206	495
769	4551
859	2815
3809	4802
1365	1271
4927	2125
824	823
3949	2153
2389	2899
3862	303
4360	1524
2752	4452
3200	4808
3935	356
1398	3506
4269	983
4685	2151
1413	374
3200	4916
1714	3182
2266	4521
3228	710
1176	4093
2305	17
124	1656
4675	4571
62	4181
4844	3994
1409	3813
2678	988
1421	34
2459	4441
3347	758
2330	654
4189	1310
3234	3435
1603	4458
2781	1084
4292	3752
2791	667
1096	2803
3182	1719
3200	4820
3542	3663
418	3050
1237	4588
1424	1183
2692	2575
3802	2122
306	3861
4356	3009
823	1520
4496	1972
1496	2966
1282	1446
3804	2877
556	3271
3044	3035
2773	1667
2076	1336
2911	4317
3385	1438
2392	2597
1783	2798
4220	4505
3923	11
2270	2773
3761	4749
541	645
409	3902
1365	2012
2472	3402
3262	2268
2376	4237
3030	1976
3200	3992
1801	4702
4347	2966
4287	1921
2287	2851
2768	1597
2110	368
2373	994
4080	2062
819	757
2834	1642
2932	4093
2768	1145
4303	2213
1190	1712
4237	2376
643	3108
856	4977
4213	4718
4668	1774
3597	1577
330	3057
3754	1365
35	1673
565	4299
2506	3016
2594	1576
2282	1100
3809	495
3551	950
221	4988
868	621
30	2538
4461	3631
3200	4845
4024	87
859	0
1117	4552
1301	1790
3749	348
1412	3841
599	51
1078	4684
4573	1913
3200	4905
3211	690
1671	3123
2974	2443
338	1077
4275	2742
357	3233
4328	4420
3984	1561
582	2244
1974	4496
4542	3126
2002	3340
287	3538
1092	4219
1830	1489
3299	2193
3975	3592
3551	938
1036	4706
4390	4732
3406	3334
1619	1655
4715	2374
4995	3916
3865	2431
3200	3182
4360	1525
238	417
1329	98
875	3252
1601	542
3752	4292
420	3251
1601	3069
276	4006
4189	4060
71	1563
346	2102
2278	2000
172	3554
3945	1967
3795	409
680	2928
4059	284
1443	3833
4648	4033
1964	3749
985	1736
2851	1123
2670	19
2679	4715
2933	1443
3096	4881
3140	2962
3549	3126
3182	1716
4497	991
3271	178
172	2908
3557	991
249	1656
1399	2549
519	3519
4003	2947
3450	3157
2390	2753
1454	4243
3802	4066
2036	1531
1959	1814
2535	4169
4189	73
3298	1780
3761	4748
2042	1671
3163	2203
4379	1315
4051	4053
3754	568
2073	3543
2121	3727
3551	883
1341	609
4473	3483
2488	4593
380	2358
1424	4329
2768	1146
1506	3172
2197	4560
267	3221
2722	4666
1327	489
4551	2499
3241	2112
3043	1996
299	2571
2883	2177
854	4126
4356	362
4699	2381
4548	99
1568	1558
2456	1395
3266	1372
3616	2706
2389	457
462	4003
2125	4556
1993	46
3955	1747
3200	4765
2811	2810
1193	2792
2127	4512
817	2303
3551	3711
1916	4447
2802	4270
3200	4906
2692	643
3211	693
3735	3552
2811	1097
4044	2267
2863	3455
1805	4265
2076	3622
1908	2637
333	3882
451	518
2445	3251
4717	3296
1869	2807
4234	498
4165	4161
511	2044
2040	2014
3360	3776
1067	364
1796	1933
1981	3919
4673	1670
338	3951
2707	2170
1085	2529
3182	4802
1371	1978
346	2103
4493	495
156	104
4189	3916
4716	4718
1397	1468
3326	374
3514	356
2575	2788
2028	3274
2524	2604
2497	553
2486	2015
2272	2959
3962	4320
1198	4941
3800	3798
4458	1607
3595	1389
1964	1176
1860	1497
2236	1701
782	4959
2430	2819
1718	3182
4175	1260
3542	3661
2895	3089
3552	1492
1475	3419
4178	3021
166	2430
1399	2548
3557	3119
631	271
3809	3170
2149	459
400	4957
26	3930
575	561
200	3930
3782	816
2466	2615
493	2796
4148	3610
2637	3791
2232	1956
4265	3463
4111	2484
2001	4596
4695	4590
4194	1430
4126	7
4674	2419
3551	882
4192	2858
4460	1582
2181	489
4000	2442
2392	149
2124	4108
2768	1147
2717	1402
3332	841
2985	3179
3222	2199
235	2949
1642	2834
4561	914
2472	4076
4164	1908
4189	59
4164	495
3049	1593
4675	4130
714	3924
2443	3737
1028	3141
4493	4492
757	1756
2305	2968
3200	4847
3200	4766
4125	3047
744	322
3148	617
2031	176
1976	4818
4062	3477
4755	3280
4187	2954
2689	307
2076	3623
1217	3905
4322	1650
3220	875
3032	876
4073	4247
2501	2956
478	484
4996	3230
37	2055
1719	3182
384	3810
3048	15
2641	384
3247	3146
1551	1754
2777	1428
4144	1342
3551	916
4385	3631
816	3782
3296	4154
1544	1548
2516	2749
3251	420
3809	1175
2556	2982
346	2100
3976	3520
3453	4423
1175	3223
2435	1505
2497	552
1585	1188
1747	3955
2406	523
4247	4268
3813	2135
2530	4954
3551	904
2177	4242
2259	3883
1849	4439
3450	3896
2004	2009
4284	3595
3200	4823
542	3355
4288	4343
2768	1168
301	4249
1251	4498
4223	1901
2250	282
3465	1651
1409	2828
2209	1724
3032	2475
462	4470
3579	4288
3765	4599
3340	2002
330	3062
2916	3582
2389	526
1518	4187
3202	2278
561	575
4657	1650
4145	1567
467	3883
2335	2635
1413	1092
1197	2777
2121	3725
0	500
4451	1486
3129	2546
3200	4787
64	4041
3821	2612
3097	4881
2376	2085
3368	239
4332	1640
2485	1546
3200	4804
2065	1512
2781	249
4715	816
1417	251
1840	1217
4504	2282
3624	2647
3910	2626
3425	3381
3347	2857
1587	2932
3501	1589
1438	3394
380	2055
3551	960
4048	130
3200	4832
3537	4596
3550	1769
3551	879
2874	3921
2778	1706
3766	3767
4705	3118
4139	704
631	2976
4417	2250
1017	2423
249	2781
1128	22
2641	2912
4696	4840
664	4079
2453	2494
1769	3550
602	4066
3381	2069
680	3531
4950	3073
2198	2734
2798	2826
3551	919
2720	4664
2987	445
3797	557
3591	3975
4241	3295
2772	275
1703	4497
3581	2916
1390	4311
2558	4936
136	3538
3363	654
4688	4669
2931	513
346	2101
2964	1569
205	2907
1069	2398
3453	4422
2972	2783
4497	873
2323	633
681	3196
1770	3142
2778	2327
1428	2780
1949	2970
2230	3542
1711	4532
249	2236
3551	907
1992	1875
4550	4433
4494	2000
3749	2418
2385	4020
4406	587
3200	4776
600	4265
2494	1249
4568	2061
1487	3655
1255	747
4288	4296
4612	3520
53	208
4434	1077
4836	3200
4225	1826
795	4440
1956	4164
1198	4942
2351	2756
3542	3198
1748	3197
2443	2850
3006	3103
365	3133
4940	4340
61	2525
2523	3570
4407	130
1877	4702
4206	3521
1019	4530
402	2509
2653	3486
2189	2895
213	1298
3950	1904
1525	2299
2191	511
4048	2620
3372	3081
1433	2552
2121	3724
3551	892
4925	1511
3574	695
2110	372
1437	4178
1212	2265
4061	1020
2432	2437
3200	4788
207	4596
3551	886
2389	969
3530	4171
1329	1701
4690	3224
4586	2805
3603	227
875	2441
3198	409
1215	1855
1615	3258
249	394
1468	1469
2170	2707
2443	640
3410	1903
3229	1114
472	389
388	3131
4015	2278
1114	4975
1854	821
3275	726
3930	25
3296	2175
1438	3395
3551	963
4364	2838
3124	1191
641	47
3930	26
2437	644
4978	2534
3318	438
2807	1387
3585	1519
4722	2930
4213	561
1492	2266
4091	2000
435	4704
638	3129
205	3554
2487	2508
4511	2286
2611	4534
2659	2661
1456	4525
1451	3899
2781	1990
4683	2091
1365	1266
695	4755
45	2373
2929	28
4520	1550
1811	3405
2690	4733
2260	377
3200	4813
380	982
546	2262
4673	1588
1587	249
1230	17
3248	1861
1967	3945
3155	649
2665	2590
1459	4525
3759	3708
1206	1540
3200	4873
346	2098
1116	1329
1851	4298
116	4142
1657	3620
4270	0
2785	1730
1705	2778
4554	2059
1236	2725
1398	2411
4672	4669
2197	2238
366	4206
3467	1651
1655	739
2417	2422
1226	2813
146	813
2422	2456
249	1254
3841	3113
1251	1120
3200	4777
4319	4993
418	3047
4466	4738
857	2689
2250	280
1250	4164
952	2427
4120	1531
2443	4617
1922	3426
2945	0
346	1423
2724	1375
36	2725
4731	4732
1112	3831
2348	1654
4464	4290
4234	4705
1341	3330
4067	1946
2389	3335
4179	1950
493	4110
2773	2270
2074	744
2127	3080
2671	463
694	2688
1659	2968
3641	3956
4236	4080
3372	4169
3464	857
3200	4789
1336	2002
2438	4205
4164	4988
1396	4206
1347	60
1294	2921
2650	2633
1347	346
1653	1824
2162	4215
2335	3029
1868	1865
4290	1425
4140	3867
1659	1677
1848	4230
3217	1761
3551	962
1976	3030
1570	2446
3163	2614
1584	3883
3832	3399
2706	3749
3217	1539
3200	4834
4958	2950
519	4014
1230	4690
3738	3554
2389	3489
3276	776
143	1923
369	1780
3739	1554
1232	3899
4062	3480
2092	2670
4394	2035
1926	4583
3523	534
2880	3032
2659	2660
2618	2831
468	4734
1987	533
3551	3015
2433	687
32	4176
4956	1900
4145	1573
3517	3976
4226	2198
3578	3309
4290	4464
418	2814
4503	4340
4741	3759
2753	2899
75	4248
4155	1872
2638	1436
703	1794
4583	1926
914	4561
3200	4874
2902	3004
346	2099
4495	1645
4322	1424
2761	3990
683	539
2606	2062
2215	4598
2740	1028
2785	1729
4467	2094
4881	3095
3679	4169
633	2323
3223	3104
3497	3759
40	3045
249	1253
3940	2334
3891	1542
4048	475
3200	4778
1028	4477
2222	2226
2221	486
550	4535
2443	2712
2006	3966
459	4611
206	3852
3049	2283
2672	21
3784	4965
2633	2572
47	2700
3200	4886
4685	4179
3047	1590
2077	1035
3104	2242
1913	4573
591	4205
2658	1907
3947	2429
4122	3508
782	3540
1991	495
837	248
4926	1174
3907	3211
63	1453
636	3553
3349	1295
306	549
1192	3633
3448	666
2527	2925
2067	2769
1871	2016
2330	817
3316	4584
3200	4790
172	3764
3034	3044
3446	3445
1083	1428
2768	1151
1300	2562
2574	3547
3155	456
1376	4307
1021	2719
583	53
1287	3259
380	495
3273	4056
3551	897
1472	375
2472	1129
3572	2123
2344	4263
755	4119
2417	495
3551	956
1438	3393
3454	3541
4237	1226
271	631
2119	2339
4407	1214
2067	2684
4692	291
462	4004
1351	4338
4555	2068
1653	2955
1886	2819
1470	624
4560	2197
4467	1536
2200	3196
1037	1038
3802	2973
2778	1705
1949	3961
2809	2473
2440	4493
3351	346
1236	4552
643	529
2773	3576
221	3313
4692	289
3362	1558
748	2461
4175	2286
4413	708
4615	2218
1882	2895
3749	2681
4390	3653
37	2631
4379	4109
1992	418
3200	4815
2509	1188
2809	2810
2631	37
4080	2124
4014	519
3805	1922
1531	2025
3200	4875
4534	241
205	2904
645	2443
4288	3579
4162	1483
1881	379
451	2566
4679	495
3723	2121
2919	3294
2239	2360
2509	189
4075	4078
434	4575
75	520
839	4365
4395	4406
2735	4290
2123	357
3200	4019
2944	4498
2429	4192
4698	4519
3833	1443
3248	295
821	1854
2171	1842
2753	968
3029	2335
3303	3216
1659	2344
2125	1410
3104	3641
2323	1423
3200	4779
3081	3372
1671	2176
3253	1109
321	14
4545	2031
4533	2682
520	75
3551	936
680	1445
1243	2322
20	3116
3595	65
3450	3974
4051	3912
365	1578
2415	1295
1998	2163
1678	2945
1121	4038
3200	4791
3551	3697
2781	1964
4319	61
3936	623
1512	2394
4743	2306
3594	3140
2773	1599
1748	4424
745	1522
2686	2487
631	2671
1964	2192
3595	1616
2245	2244
2018	3892
4142	116
2838	1261
3038	1508
3506	1398
3565	493
677	3243
2053	4689
2819	1889
1217	2738
2287	3182
4550	1818
3244	2601
3551	959
3910	3880
101	306
1241	1657
4642	4292
4093	2149
2422	2417
4663	2024
3200	4836
1676	1783
3440	2569
259	4599
3276	778
4250	1109
3228	4039
4430	817
4587	3249
781	1685
1175	1101
71	4959
1809	1196
57	1481
92	3358
3241	1903
2226	3780
1976	2505
1995	2535
3417	2571
1849	4881
4910	2558
4881	3097
4126	1720
2000	3537
2075	2217
3551	915
2035	1978
1656	1305
3003	642
4576	636
4947	2227
1214	4407
562	2279
2105	1469
2389	2228
4296	4113
2480	1898
653	3971
1671	2041
2440	1480
2285	1930
3743	4996
1123	4279
3200	4876
3858	306
4298	131
4978	624
13	828
3931	2358
3066	1030
130	2820
3900	63
2758	2984
2570	3826
4393	2852
1474	3323
380	4337
2615	2616
3595	1769
4276	2634
130	397
2443	1554
3269	2719
2993	576
1570	4503
3296	2106
1872	4151
2733	2747
3846	1859
2533	2389
1417	2466
205	2224
158	2430
3757	4290
843	3774
1501	1781
1944	484
4718	4716
4249	2682
1531	2036
4679	1017
2840	2841
1651	0
47	2702
2395	2072
3200	4231
2538	2536
495	3554
4474	855
3612	463
1881	342
2805	4792
1472	365
3962	1277
3945	1565
2173	2256
551	3617
2583	2110
937	3506
3349	3801
1796	4356
4993	4954
2390	2220
4608	38
3464	3570
338	1650
3789	3733
3542	3683
3248	1792
3337	2129
3085	2739
4195	482
2461	746
3091	4066
2194	4203
2975	406
4223	1634
2420	1977
2680	3024
2252	3518
63	1982
2852	4393
2838	4364
2018	3893
797	3841
387	305
3245	1740
3551	3705
3306	1938
3645	631
4661	3501
4654	4651
3822	748
2825	2955
2583	2732
4265	3557
1480	2917
838	4391
1526	1845
2570	2818
3883	1584
2487	3280
1100	620
1565	1558
2425	1791
380	1813
3032	596
2316	1845
1490	345
2941	3304
1031	1526
3580	2316
2965	831
4063	585
86	4028
4756	4762
824	867
4641	3495
4604	1945
4706	1036
1575	2608
2083	3226
3958	1055
4910	598
4286	1772
172	0
1294	1401
2242	3104
1976	1195
1367	990
3200	4801
3463	4265
1787	3545
321	867
2312	2910
3200	4877
4525	3378
2335	2410
4458	1610
2402	1068
1558	4538
197	320
875	2961
707	4491
4045	1672
3481	187
402	4948
1650	4322
2574	861
1674	4488
2206	2389
4695	1000
3099	2086
3200	4781
3897	3943
2287	2643
355	720
1489	1829
249	2409
1449	2641
2768	1061
1833	1953
3821	2638
1069	495
3978	1217
4139	2668
533	1987
1521	4076
4497	4205
1547	2509
3962	1274
1523	3539
1965	4426
3551	891
303	3862
662	1883
3101	3098
3739	4646
952	2424
2738	4160
4547	1387
1414	2712
4956	2489
3865	1299
15	1962
2778	3598
2420	127
1140	1342
328	474
2018	3890
1846	4137
1215	2983
4999	4998
1858	3038
1817	4550
3292	438
3070	2011
2819	1891
501	4412
2184	1923
4020	4456
3475	2570
453	2223
3949	4576
660	4673
3200	4838
3135	493
2029	1185
3458	3417
1180	2554
2443	1009
3551	3687
4187	2264
4401	1638
1699	4932
3438	2162
3739	1671
643	530
2695	2021
4550	15
3750	3080
1028	790
316	3584
4063	584
2376	2083
3252	875
1393	3523
2127	3611
3961	2712
225	2440
3566	3517
2153	3949
1566	1082
3566	2008
4315	2576
2819	1887
2696	2758
4030	70
561	3410
4286	1773
2022	4700
2690	4726
116	1337
52	381
1089	1414
758	4130
1287	2034
1188	3481
667	4126
3524	2773
4923	4412
3200	4878
702	3944
2501	2581
1048	1558
4715	3332
4268	3344
3826	2570
1544	1689
4375	1969
2221	4738
276	4001
2292	4649
1643	4504
509	564
2533	2925
1116	3260
3947	1302
1881	2656
1651	3466
2254	4487
4971	1185
4981	3600
4489	1548
3899	4465
346	2289
3198	3542
488	366
3832	2522
2213	4303
47	2696
1564	1238
4550	1819
185	2304
1301	2257
718	3441
1327	306
1588	1670
321	3042
2239	2248
3082	2162
4195	1055
2994	4518
2637	4546
3881	4194
2831	3602
2221	4377
3416	875
1037	3958
1121	4045
4467	1531
3743	4725
4189	1050
1651	1353
3200	1907
782	3745
3542	3681
1753	1142
3610	4148
839	4692
1225	1677
1573	1567
3200	4835
92	3906
1065	3633
4956	2490
2194	2873
2346	4944
857	307
1215	2316
286	3320
3751	2210
2504	841
1711	610
2467	137
4489	2020
2073	2
3793	4397
1011	1364
4062	2991
388	3171
2755	971
4406	1554
1646	2389
2732	2583
914	3830
4244	463
4586	3419
2018	2000
2819	1890
1438	3386
876	385
4035	1546
4	1902
4550	1817
1438	3397
1347	2929
1856	2498
1370	4347
1984	146
3175	2682
2443	645
3728	1430
2908	1042
2936	4302
4170	639
3551	3686
3547	2574
62	3342
1118	1251
3066	2716
1398	1410
463	631
1581	3972
3408	2568
3609	2855
3759	4741
4207	518
1942	1949
1900	4956
781	1687
4460	2426
3444	2170
4227	4332
2819	1886
3200	4011
260	1208
3551	924
3078	36
4715	4736
1764	3021
570	255
154	2674
2509	1410
1671	2042
4474	1622
3200	4879
214	1835
205	2900
74	726
2831	980
1546	1017
4370	2497
2049	4682
468	4048
4229	2600
116	4985
3196	684
75	524
1726	4603
361	2107
1471	1123
3026	4551
631	2444
2551	292
2965	832
3542	3674
178	4474
3430	2870
1808	3211
3274	2874
2963	3502
3923	1752
47	2699
2392	2915
2254	4668
3841	3898
831	2965
2108	361
4267	2744
321	3041
4497	4306
1767	835
4757	4756
2339	3873
1433	1659
1512	1244
4654	4034
466	468
454	2223
2125	3621
2817	2936
606	706
4171	113
1953	1833
4189	1049
2389	428
2448	306
4957	2395
493	3758
3139	1949
1964	2602
3248	2456
3307	1365
1756	495
4144	1139
4474	178
2161	3369
4922	4290
2872	3445
781	491
3552	1073
3024	586
2125	1578
2423	1017
2018	3888
4910	4714
2377	3201
1571	1992
1424	495
3005	2856
3551	3690
3451	2770
2101	346
1959	1473
4606	1453
4599	2221
3200	4856
4093	1323
481	2962
3333	4496
2731	763
3741	2204
711	2163
2422	1184
3430	3429
2795	0
1111	1947
2265	4008
4412	102
1	1012
3551	951
455	2223
2723	119
4693	2049
239	3326
2490	4956
2869	2486
781	1686
2908	2770
4881	3101
2911	2466
1052	2726
2837	1340
3770	3970
1447	1523
1306	197
272	2080
116	19
754	4117
3770	3957
1656	1309
4399	4188
4458	3988
3444	657
1956	2232
4139	88
2307	2789
1628	452
3644	1035
1577	3586
4356	495
2389	2450
974	2395
2950	3447
6	3170
3536	1472
4458	1609
4495	3621
1116	1245
4229	4406
754	1037
4681	130
2125	3759
1643	4506
337	3235
3813	2142
4140	1940
3125	1800
1653	294
655	2584
2254	4485
4256	555
4984	4802
3816	175
2611	4981
4650	4651
4740	3943
3228	203
3609	4052
4012	2592
3458	2593
3200	1348
718	1443
3005	1048
4705	3769
2930	1657
409	3199
4126	1099
3332	1314
3530	4173
1921	4287
2049	4693
2339	3872
3064	3208
1413	2929
4956	1699
4035	4645
1357	1081
4467	1533
2152	1965
1512	2066
380	132
1424	4324
3822	2461
128	2481
2872	3446
4939	4637
3121	371
1557	3614
856	2375
3200	876
2472	1135
4287	3265
643	527
3296	803
2711	1054
2203	731
366	3493
3163	53
87	4029
3112	1877
1558	3984
3551	954
2028	4590
2147	2759
3908	1695
3614	1557
365	3816
3199	409
4742	3759
2276	735
4126	854
2197	2892
984	85
3040	321
1843	2057
3784	4479
260	545
2389	973
4216	1092
4456	1855
3104	3159
3551	521
3809	2170
3749	2706
2767	1354
272	2081
369	1123
4537	3028
3612	623
3551	926
4608	2049
1912	2952
2379	55
2781	1116
2909	2880
1201	4122
3200	4805
2809	2812
3633	1065
2390	2907
3346	1874
4126	667
4223	3247
3746	1514
1965	2152
533	1123
64	3228
572	560
2562	4802
4094	1400
3943	3897
1183	2658
1539	3255
306	101
4076	1521
1711	4558
828	2804
2634	4276
3813	2141
3440	1452
1188	183
631	3835
1066	4223
2374	2071
1824	1653
3410	2808
4126	2588
3564	3796
3542	3672
1596	4592
1142	2746
3200	126
703	2275
1560	296
1215	4520
2004	3071
4695	2164
141	3911
3200	4990
2670	2000
1812	117
1185	3790
3200	1349
4493	234
3238	723
3053	3644
4904	2386
3270	1004
4541	1984
2266	2340
3238	2800
4758	4675
4718	1823
1983	2898
4338	1351
3200	4070
491	1688
1469	2105
2339	3871
293	3409
2953	211
1121	4034
2692	200
3029	3809
3578	2975
4189	1047
3747	4723
3740	493
4520	1215
3743	1691
4755	173
2339	2119
1947	1111
1424	4325
17	713
2829	1594
4110	493
2382	392
1086	3654
111	4695
4470	462
1902	3
1845	2316
3107	291
1220	1109
2555	3841
1722	1267
2959	3867
1395	4287
3551	894
1674	1676
1438	3385
2147	2572
4130	2870
3655	3167
2371	2373
4048	2577
2028	4591
2781	1143
1197	2406
3566	495
1828	1830
2814	1849
2307	2328
44	3128
425	2250
3749	335
3906	4707
1100	617
729	2053
396	3916
4702	1800
1984	1407
1562	4076
3036	3092
4066	3802
3551	4138
3611	1690
1398	1746
614	561
493	3564
2483	1282
3651	4647
1956	736
4496	2092
3204	3261
1112	112
3945	3939
103	1855
678	1627
3867	3553
3422	3200
2406	2777
4715	2071
4611	1596
3551	921
2766	1347
3631	4461
2335	1842
1841	4480
2814	495
2944	1246
4330	3304
3197	708
459	2149
516	3300
1317	2638
1671	2039
4474	1621
4668	1777
4425	2840
3200	4866
3181	1367
4646	3739
2401	2990
1994	2535
573	2275
3752	3883
2490	1795
38	2457
4447	3928
1465	4158
3505	2281
2225	583
3809	433
3552	3297
2825	1679
1619	4627
4525	3371
2180	1936
3417	299
3200	4770
1899	744
2461	4450
2109	361
4203	2194
2375	856
3111	2779
3106	3841
3200	1350
2007	3858
334	4550
4284	833
1918	4581
2682	3175
2533	1983
3841	2555
4654	4033
94	4846
1336	4184
1374	315
4963	1397
4736	4715
1403	4411
2098	346
3567	4272
610	4956
3399	3832
1877	3112
292	2617
2011	2754
1424	4326
4344	814
2601	4612
4655	3172
2838	445
4091	1998
3698	3551
733	4550
1898	2819
1143	669
4799	1093
206	2348
2773	2772
3881	1641
3551	3704
3094	4881
2819	1894
1267	1268
136	2582
612	826
4214	4445
674	1937
2173	4156
3200	4859
3405	4529
2821	2060
1549	3017
3266	1754
1322	4293
2640	3418
2523	2430
2484	4460
1336	2076
4702	1801
1612	1613
41	2002
1997	2538
2641	1449
830	2965
438	3291
2950	4958
1207	4237
2692	3805
714	1009
2486	502
3551	928
991	495
4365	1419
3551	911
489	2181
3506	1410
2674	154
3535	3450
3941	2388
826	4205
2389	2907
3487	3270
2173	4152
3425	2487
876	3533
1331	1899
3192	1257
3049	4256
383	3140
1367	4922
1671	2038
3330	2000
4968	359
1440	459
4298	1851
3719	3551
2803	828
2925	2527
4620	4155
3520	3517
205	2896
2239	1624
3720	2073
2913	2392
2339	287
4299	4309
1465	4157
4498	1251
1678	2502
4444	3046
3450	1694
3946	1915
4211	31
1864	3868
2325	3507
735	1797
4048	468
3200	4771
4482	1025
3839	2502
3066	543
2389	1834
599	495
1947	3293
1494	2239
2720	1306
2486	297
1006	1696
3415	3910
2949	2589
4194	4186
2244	2245
171	3840
4062	4561
4467	1534
530	1357
1657	2930
4302	2936
651	2327
551	859
1424	4327
4923	1422
1100	2282
1171	1768
4196	2291
1965	2367
703	288
4284	3012
2972	2586
414	4972
3551	918
4645	4035
146	1984
1651	4150
1579	4405
4001	492
3269	2214
2533	2228
2819	1897
4476	4475
3551	935
4496	1498
3550	3685
789	4683
2316	3580
551	4545
4399	4149
4744	634
3200	4860
297	2486
4644	719
4288	4205
2356	554
2002	41
369	1553
1208	1202
3153	3126
52	133
1651	2733
2105	2306
1041	1040
1017	3324
4379	506
3754	1670
2670	1487
2328	2789
4041	64
4044	4330
3085	1839
129	1614
2389	970
2887	3307
3042	1136
737	2646
2591	743
2491	4956
1497	4497
1353	1910
4529	3405
63	1405
4165	2950
3542	3673
2772	2532
2271	2219
2053	729
1554	2710
72	1844
2658	13
3435	2075
3749	353
4991	702
2952	2911
4211	2725
3200	4868
1267	3743
2470	4557
3155	2231
2994	4811
2162	3438
650	1229
3813	2138
773	4571
468	466
648	4619
3102	4881
4923	2931
2044	2000
4091	3122
3900	1532
3749	4281
336	2073
3497	3369
1287	1838
4349	4724
1805	1618
1208	3917
2768	1165
532	1836
1100	3246
4298	3592
4621	1976
2419	4674
991	0
4278	724
4401	4455
1291	1085
3392	1438
3764	1582
1394	4287
2562	1300
4379	1528
1215	3182
490	1616
819	4194
4451	696
3820	3163
3564	493
1000	1984
1634	4075
4037	1355
3551	880
2389	2390
720	124
518	451
2682	302
554	3770
1211	1056
1670	4673
2510	1799
2339	3870
3023	2127
3153	2930
2334	2528
3644	3773
380	3553
2394	1512
1028	4662
409	130
1438	3388
3501	4661
3551	934
1902	2800
2500	2515
3200	4784
1748	2492
3147	3219
4045	495
4047	1121
1769	2661
2060	3247
2003	3012
3189	671
1627	678
4967	1948
2420	4675
3875	68
2326	912
2266	4514
2257	1301
1947	4203
1215	1863
1506	4968
2984	991
4440	795
4356	1485
1901	3950
1407	4106
4039	3228
1117	3804
1034	2556
781	1681
1715	3182
3042	1137
1560	667
3332	1028
2993	579
4963	4316
1419	4365
629	2570
2075	1673
2085	2088
4223	2694
3384	1438
4535	4167
981	3511
2481	3072
3482	2167
607	1418
3521	31
2299	1743
3764	4756
3354	937
1976	4621
3487	631
4716	1821
2637	1260
372	2627
544	3014
1067	238
1110	2172
3555	4462
2455	3261
2953	1047
4094	1404
2321	3129
3723	3726
259	4089
735	2276
1208	260
2863	4412
127	2420
3761	4752
3813	2137
3901	3373
3787	3698
719	154
1081	3185
1069	752
631	1027
3315	2582
2198	4198
2344	495
4654	3172
4188	4399
1353	1651
3533	385
722	142
3071	3963
2437	3553
2344	3812
2959	1388
1471	369
38	2691
4943	2653
2768	1166
4319	2530
707	2738
1123	533
1406	4096
1699	1709
3052	3503
2430	495
4755	2951
3510	3542
1835	495
3786	3698
3288	3555
1363	1379
2942	356
3603	4961
3809	240
1923	143
61	3272
3483	4346
2173	765
1354	266
4342	785
4126	4921
4237	1526
2518	3610
4685	4806
4126	675
232	1877
2095	346
1573	4145
2756	2351
1263	3752
3841	4266
1984	4655
1367	170
1767	4609
1544	4076
1546	2485
3085	386
4978	2717
4493	1630
3542	2989
3175	140
548	4090
1027	1779
3200	4361
1733	2785
52	3827
123	1222
3551	929
1699	2170
2406	1432
2781	1252
4020	2385
1797	735
2184	765
4581	2314
3071	3968
431	2144
4359	1430
2236	1321
671	3189
1370	1495
3442	718
1639	4049
2391	3651
3026	4088
3406	111
4668	2254
553	2497
434	3232
3288	3123
4551	1296
4247	3375
3844	979
3078	31
4603	1726
2389	2904
2781	1951
2605	2596
3458	1364
4987	4973
3464	1929
2389	2234
1175	2306
3554	495
3605	3570
3764	4757
1492	3552
2600	144
1780	3298
2975	3880
2437	2341
2953	1046
4480	1841
2390	971
4725	3743
3958	330
2708	1678
1414	3587
2386	4904
1199	2188
4960	4018
4237	2802
2530	4973
246	2290
1959	1744
249	1280
3466	4499
2535	1995
2390	970
3284	3490
3542	3677
2453	1301
3972	192
4496	3333
3551	3712
2247	633
303	2300
3899	1233
4506	1645
4056	3636
3437	1103
4651	4037
2430	163
1424	636
47	2704
2443	3073
3098	4881
2125	322
2221	4924
1657	1241
1510	1507
3919	1981
2254	4486
733	1623
1499	2472
492	4505
71	842
2430	159
2213	2089
305	262
1121	4037
1399	4267
2392	246
1327	2007
2480	1885
2334	1032
2709	1384
2307	1259
2462	4645
2510	1353
3401	3832
1389	3595
2305	3748
3760	604
4227	2946
2443	2974
3266	2400
2966	4546
4691	2326
4356	993
1902	4
3462	2305
2443	2940
2987	4364
3769	4234
4330	2212
459	39
3200	4362
4033	4034
4939	1543
2389	3532
258	423
3863	3864
763	2685
534	450
516	856
2518	4972
994	2680
3551	3694
4688	4672
2004	3513
4601	1574
3453	4290
4642	1263
1907	4564
2895	1882
1398	2542
4024	4025
1558	4539
2242	2253
4881	3094
185	3481
4066	2934
4525	1459
3654	1087
3770	3964
1369	4300
3551	3719
1558	2380
1441	1560
283	3537
293	636
551	237
1081	1357
2792	4448
485	658
1928	3228
2410	2335
4626	1976
500	2712
3137	4289
3647	839
2016	1871
4493	1637
1358	4038
1532	3900
360	4968
4370	4374
3356	3357
3944	702
3218	4221
255	4864
2389	205
1188	189
3510	2169
306	3865
2177	4209
3255	1539
4714	4910
2807	1868
1401	1294
1391	2456
1996	3279
2650	3645
4702	2578
3200	4775
3883	2237
167	2430
3972	193
1009	4640
1121	3172
2284	383
4192	816
2638	1477
1903	2713
3892	2018
2329	4802
1406	4102
1699	1711
44	2738
1085	1292
3837	1549
1238	1564
264	388
1907	1523
4636	491
2262	260
3856	306
3269	771
3212	2050
1040	1887
96	2285
3434	3513
2942	4332
2242	18
3219	496
1109	4925
3886	1032
688	3211
3377	3805
665	1913
532	3291
4553	1261
1392	3525
1091	4237
2286	548
1816	1100
1261	4553
4715	3306
4407	1020
1574	4601
1899	1332
3464	1551
2926	4606
4517	3652
3078	1858
2047	2889
444	3245
3813	1409
2472	1562
133	1763
4942	1198
3539	3512
1395	1394
1120	4436
484	1918
3296	988
4807	2991
4314	3504
3001	4809
1246	2944
3535	3346
1978	2035
19	4199
2443	1493
2390	2533
4058	2920
2487	3425
4456	4020
2751	4452
2134	2153
3515	2717
1055	3923
4037	3172
3743	2449
2523	2500
1068	2402
1794	703
1466	4529
781	1683
2073	3720
1671	4072
719	4214
1849	2814
4674	4385
1773	204
223	631
2520	3784
3551	3701
679	1075
2009	2004
4130	495
1376	2118
3296	2090
2800	431
3310	180
2688	1021
4165	4488
2458	2203
1970	4496
3141	3174
380	84
4681	2782
418	377
2914	2392
3805	3785
2123	3287
3813	3514
2416	1295
2665	2712
2018	2712
3868	2727
1124	2387
1342	1139
2929	2766
2183	3809
1486	4449
3140	383
3517	4486
4048	3076
2405	495
834	1721
828	2803
4597	1614
1654	3638
3329	2190
2647	3764
2637	4701
1569	2607
729	4236
1678	2708
4724	3884
221	4164
680	2239
1969	2862
4136	4388
1787	2673
4137	1846
3542	3667
393	2732
3251	4809
1640	3488
3468	1651
3111	1209
4462	3631
1699	1710
3222	2201
318	2115
2343	568
977	1410
1367	2017
4330	4355
2925	3151
1399	48
193	3972
2832	441
1093	758
3965	3410
2192	1176
3820	3821
3781	2306
3161	1161
1249	1176
2252	1781
3157	3450
3223	1175
1848	4345
2377	2373
1481	57
3450	1582
3622	2076
1954	1430
2166	2794
4950	416
4319	4987
2644	2665
843	4386
4692	839
1292	1085
3035	3034
408	3127
4508	1993
176	2031
1476	2329
444	3246
4206	4212
1566	1545
2599	636
1438	3389
1569	2964
2785	495
330	3053
283	621
1281	1446
4025	3741
2495	1711
1636	4493
4716	4910
2884	2046
2593	3458
42	3878
3853	4111
3200	4849
1115	2687
3831	2194
875	4058
4540	1484
3950	1394
612	29
4606	1377
4406	4229
3172	1506
1880	2655
1367	3776
412	1804
2758	1003
3770	495
27	3930
1028	793
330	992
4497	1704
246	2392
1954	598
4189	109
3423	1443
1594	2829
3551	910
2777	2931
2028	3846
4237	2908
4341	3883
3404	631
779	2892
1797	4454
2652	1367
2287	1532
3551	902
4217	1092
203	3228
2789	1340
337	51
418	0
3416	4977
3616	627
558	4525
3369	2161
4892	4202
603	425
862	2574
2306	4744
2936	2817
33	21
3525	1392
1976	4625
2342	2849
2414	1295
2852	2710
3910	2332
3288	32
1388	3530
850	3822
2002	2279
3781	3188
1244	3197
3867	2908
653	3450
2952	1912
18	2242
4278	495
516	184
2201	3222
1101	1175
245	2692
678	495
4189	2605
3200	219
1222	123
4457	212
3542	2311
2022	2248
2897	3902
1934	2825
3200	4793
1586	1582
3542	3664
2046	2884
1007	317
2067	3498
646	3592
1614	129
1857	3316
3370	4121
2531	696
2167	629
1216	3429
1914	2692
1774	4668
4757	4762
37	2052
675	2478
4460	2484
3380	2293
3551	3689
4723	3747
3104	3223
1518	3797
4413	1105
1008	1339
2959	2273
4542	202
837	591
1814	1959
478	1639
2127	4568
1899	1334
3708	3759
3551	3703
761	4268
4239	3350
1180	2111
2773	4670
2519	4972
2852	2146
1657	4335
2509	1547
303	3349
1678	4972
2097	2870
4388	4136
654	2971
2075	269
4241	1001
285	4006
3362	3140
3296	4205
1797	3622
2811	124
3200	4850
3163	1316
3974	3450
4210	4206
341	2173
4601	4429
2391	3086
3296	4717
3337	3720
319	2115
4991	4446
1340	4095
1550	4520
1269	1785
3422	2513
1537	4467
4950	4702
1398	2541
3383	3033
2631	1103
3012	2003
3243	677
1842	2171
3530	4172
3984	1324
4668	4485
1172	2468
4944	3591
4675	4758
4251	1461
2263	4187
4473	3574
1983	2753
2022	4680
136	2839
3502	4291
2688	1023
4319	308
3025	3014
1048	3986
3219	4607
46	4508
1671	3739
2223	442
316	4459
1885	4308
1176	2192
105	3152
2991	4807
1298	213
2278	3202
4732	4390
2854	2249
2986	4660
4423	3453
4093	1701
3916	4995
4126	1952
2807	1865
1969	135
1188	1585
4996	3632
96	451
4497	495
4675	0
187	3481
4999	2949
4525	558
631	273
4229	3116
1406	4101
4470	4543
1085	1289
4179	3278
4077	2265
631	3404
2744	4405
1430	1198
1809	1865
2424	952
2873	2194
3018	1369
2700	47
3380	2294
418	3166
4611	495
3086	4494
4493	4500
2929	4071
1012	4994
1978	1711
464	1975
665	2151
3472	1651
782	2312
4210	36
3357	1320
4938	4586
4371	3884
2691	38
18	264
244	2692
2256	3271
2161	3366
1727	816
4648	4650
774	290
4614	570
1990	1249
1810	3473
2306	2105
1342	4144
2570	2993
2937	3428
3448	3941
2961	3416
3784	3450
2557	2935
3746	1138
456	3155
1657	4334
1650	338
2615	2466
2966	1495
85	3337
2863	2194
4390	4730
4356	4670
3958	1037
2075	268
1205	1668
2975	1453
4046	3808
1513	3474
3200	4851
176	2952
403	143
4999	4447
839	2317
4799	4239
4991	4237
2841	4425
3025	3168
4243	1454
4474	272
564	509
680	1215
3141	1949
1364	3920
859	1068
817	1520
3279	1996
740	3484
4017	3947
4314	2693
510	1918
4276	2629
2173	2120
2678	987
1907	2658
4046	0
523	3032
1791	3248
2954	4187
3551	896
4251	1460
2060	2821
1981	3930
3587	4940
3182	1714
1395	3950
3200	4831
3542	3658
3117	356
275	2632
3744	3759
306	3864
2405	4526
2355	1185
2760	1438
4249	590
2931	4412
2744	4267
2910	3547
136	1837
4617	1679
2198	495
4278	2950
4645	2462
4493	1633
2417	3507
2410	2355
1110	1586
1428	1083
3805	3377
2379	3144
38	4608
3440	3643
2146	2852
2870	1380
1188	185
711	1532
2198	3189
424	1582
4809	495
2807	1864
4383	1371
4733	2690
1114	4376
2390	2898
4865	4069
3542	3670
3406	1365
4017	3460
197	3972
2768	1156
2819	0
668	495
2430	164
2911	1424
1462	4251
4528	4246
3014	4289
2000	4494
4048	3156
3140	3594
1056	123
631	709
1426	293
3326	3368
2755	2389
3272	61
3899	392
2330	4979
58	3034
2373	1415
2617	473
937	1406
2281	3505
3447	795
1985	638
506	2645
2540	3841
3044	4716
2575	231
1763	3558
4037	1356
2688	4193
1017	1546
2502	0
1814	1957
326	2806
47	656
4496	1970
2819	495
837	4134
4251	3276
3975	1215
3255	1221
2432	495
1028	3332
4271	2625
3641	3104
3481	183
4018	4948
4195	3301
4153	3088
3021	1764
344	2733
3410	1660
4301	686
2249	3237
2464	56
3551	943
1811	2155
2826	2798
3028	1369
3028	1806
3200	4852
3248	1789
3116	4229
1171	2329
2975	1218
1119	1251
534	2391
1978	2938
4591	2028
4688	4677
1179	3192
4292	2678
3369	3497
1727	2785
1409	4213
3776	121
3929	2849
3261	3204
4944	3261
3262	1846
4479	2525
3592	4944
3332	4715
3683	3542
2784	1582
3491	563
3816	365
570	4614
3200	3189
3930	90
4716	4594
4126	3006
3542	3659
4212	4206
3633	1062
2487	3220
2031	3954
4061	2894
2589	2949
2044	511
227	495
3241	2
1639	478
3929	3948
2789	2328
3478	4062
1234	2458
3163	4261
1576	2993
4493	1632
2386	4898
1018	2368
1851	4394
3257	4675
580	2993
3124	2002
103	105
4696	636
2203	751
3373	542
1335	3998
4211	36
1056	1447
2422	179
2043	1671
3330	2574
17	2666
2390	972
1443	1822
1800	3125
4950	2668
3868	495
1037	3336
3552	3734
2768	1157
668	488
2430	165
19	116
4506	3621
733	2711
1331	630
3080	3750
3438	4444
2529	1085
1969	2464
4674	2969
2422	1602
1664	2733
1796	4453
2363	3001
2060	3165
4194	3881
4750	4452
1905	781
4496	1971
837	4133
3551	3696
4273	4276
4648	4652
4900	2386
1579	4068
2984	1003
3295	4241
3027	847
187	1188
2133	4237
1677	1225
3896	3450
1117	1805
4755	2807
3544	4225
4553	4556
2647	144
707	611
3551	942
2139	3813
2075	270
4214	1094
3210	4116
2911	1926
1438	3296
3307	2885
4037	4653
4279	1123
582	749
2798	4488
3151	2925
4568	3636
1891	2819
2531	697
2266	4522
2646	737
3422	390
1614	252
274	3918
2389	447
506	3967
4640	222
1991	784
869	821
3419	3074
1059	3633
1939	4661
450	4221
2389	487
62	4182
2678	985
991	2920
4611	4064
626	2514
1675	4629
1531	4120
4129	2125
1470	3177
1048	2797
3551	898
1143	1176
4251	1462
726	3875
3891	3539
2481	608
2897	1484
4456	209
1615	2001
4733	2127
