0	137
121	248
121	249
127	141
106	429
137	127
171	132
171	337
208	428
130	437
130	438
439	106
439	81
439	38
439	39
439	40
439	41
439	42
439	43
439	44
439	45
439	46
439	47
439	48
489	106
489	243
70	106
70	108
70	109
70	110
70	111
70	112
70	113
78	106
78	199
81	0
81	106
81	380
81	176
81	177
81	178
81	179
81	180
81	181
81	182
81	183
81	184
81	185
81	186
81	187
81	188
81	189
236	217
236	377
251	136
251	67
251	72
406	387
406	427
5	231
5	19
5	410
5	411
5	412
5	413
5	414
5	415
5	416
69	106
69	203
69	372
69	237
69	169
69	258
69	37
69	51
69	52
69	53
69	54
69	55
69	56
69	57
69	447
138	397
138	441
138	442
138	376
197	386
311	67
311	388
91	81
91	368
91	150
91	151
91	152
91	153
91	154
91	155
91	156
91	157
91	158
91	159
99	214
115	205
166	167
166	174
166	170
166	173
250	9
33	216
33	443
90	127
90	202
90	397
90	139
132	171
132	254
132	436
76	123
76	125
76	126
76	34
76	128
430	431
481	490
481	496
495	439
495	481
495	255
495	432
28	29
28	494
28	361
28	362
28	363
28	364
28	365
28	366
141	127
141	149
243	489
243	368
248	121
248	147
249	121
254	121
254	127
435	212
29	487
29	131
29	365
29	77
29	124
29	360
29	373
32	18
32	62
129	97
129	450
129	50
129	1
129	2
129	3
129	4
202	90
231	414
231	58
231	59
337	171
339	171
339	136
385	208
385	433
385	260
192	216
192	199
192	89
192	448
192	24
192	200
192	207
192	352
192	353
192	219
192	359
192	191
192	367
192	193
192	194
498	114
498	440
498	232
6	241
6	234
6	235
12	212
12	4
12	238
12	239
203	493
147	115
147	248
147	143
217	236
217	105
380	81
380	30
380	31
451	202
451	240
451	215
451	79
451	80
204	230
204	135
204	27
212	435
212	239
212	98
212	310
224	144
224	13
224	60
224	225
224	165
224	369
241	6
241	92
241	486
241	425
241	426
136	251
136	339
437	130
438	106
67	251
149	127
149	141
149	7
172	451
172	97
216	33
216	192
216	124
230	204
230	201
230	61
230	83
230	84
230	85
230	86
230	226
97	129
97	172
397	138
441	138
441	408
441	378
441	383
441	389
441	390
441	391
441	392
441	393
441	394
441	395
441	396
446	211
446	403
446	404
417	385
190	196
190	405
211	446
211	399
211	64
211	65
211	66
408	441
408	62
408	142
7	123
7	213
25	259
443	33
443	428
245	229
267	106
267	402
267	420
267	421
267	422
267	423
368	91
388	311
388	19
493	203
493	57
15	417
96	69
96	237
199	78
199	192
199	228
195	170
195	234
195	35
195	36
93	169
399	119
399	66
399	95
409	380
409	105
409	497
135	210
434	432
18	122
105	217
105	409
105	370
62	32
494	28
494	29
494	499
494	365
494	124
494	374
494	209
494	418
494	419
494	26
38	439
38	498
40	439
42	439
46	439
47	439
48	439
61	230
61	104
144	224
144	13
144	227
144	82
205	489
214	99
214	203
372	15
237	69
237	96
94	223
94	444
108	70
108	250
114	70
114	498
119	399
119	9
176	197
177	81
182	81
189	81
189	71
189	176
189	379
386	387
387	406
387	386
497	409
19	5
19	388
19	354
19	355
19	356
19	357
89	192
116	402
116	375
401	190
401	407
122	401
169	93
169	218
377	236
13	224
13	144
13	449
450	129
450	1
450	2
487	29
487	494
72	251
210	116
210	49
229	245
411	5
412	5
413	5
414	5
414	231
416	5
23	230
23	84
53	69
55	69
57	69
57	203
57	493
57	169
92	241
131	29
139	90
167	99
167	166
167	140
174	166
358	138
358	378
215	451
378	138
378	441
378	358
378	198
400	435
400	223
379	176
379	189
379	100
104	61
50	398
150	91
150	445
151	91
151	155
155	151
156	91
158	91
170	195
170	175
170	74
170	75
170	68
175	166
440	498
488	124
499	246
499	29
499	494
499	365
499	124
499	374
499	209
499	384
9	250
9	119
168	382
168	431
382	437
382	168
402	267
402	116
402	420
123	76
125	76
125	430
125	87
125	88
126	76
34	76
128	76
255	495
255	434
255	107
255	432
361	25
362	28
362	117
366	28
448	192
77	29
77	190
143	248
24	192
24	206
124	488
247	29
247	196
247	371
360	29
373	29
374	29
374	494
374	365
374	124
374	418
374	419
1	129
1	450
1	2
1	220
1	221
2	129
2	1
4	129
4	12
4	2
4	222
58	231
59	231
60	231
74	233
75	170
225	161
225	162
225	163
225	164
225	165
227	144
161	225
161	160
165	224
165	225
200	192
207	192
352	192
353	192
219	192
359	192
191	192
191	244
367	192
193	192
193	359
194	192
234	6
234	195
234	252
235	253
239	12
239	212
259	25
259	486
259	256
259	257
375	245
486	241
486	259
30	380
31	380
68	170
83	230
83	492
84	230
84	23
86	230
86	84
196	247
209	494
209	384
369	224
425	241
426	241
390	441
392	441
393	441
394	441
395	441
396	441
403	446
403	144
404	446
65	211
66	211
66	399
66	95
213	7
420	267
420	402
421	94
421	444
95	399
95	73
418	494
82	144
223	94
223	400
355	19
407	401
140	167
381	104
381	242
381	445
384	499
384	209
87	125
107	255
107	432
117	362
220	1
221	1
222	4
242	381
242	445
252	234
256	259
257	259
427	406
427	429
427	432
427	452
427	453
427	454
427	455
427	456
427	457
427	458
427	459
427	460
427	461
427	462
427	463
427	464
427	465
427	466
427	467
427	468
427	469
427	470
427	471
427	472
427	473
427	474
427	475
427	476
427	477
427	478
427	479
427	480
427	424
427	482
427	483
427	484
427	485
427	118
427	120
427	350
427	145
427	148
427	261
427	262
427	263
427	264
427	265
427	266
427	63
427	268
427	269
427	270
427	271
427	272
427	273
427	274
427	275
427	276
427	277
427	278
427	279
427	280
427	281
427	282
427	283
427	284
427	285
427	286
427	287
427	288
427	289
427	290
427	291
427	292
427	293
427	294
427	295
427	296
427	297
427	298
427	299
427	300
427	301
427	302
427	303
427	304
427	305
427	306
427	307
427	308
427	309
427	101
427	103
427	312
427	313
427	314
427	315
427	316
427	317
427	318
427	319
427	320
427	321
427	322
427	323
427	324
427	325
427	326
427	327
427	328
427	329
427	330
427	331
427	332
427	333
427	334
427	335
427	336
427	133
427	338
427	134
427	340
427	341
427	342
427	343
427	344
427	345
427	346
427	347
427	348
427	349
427	146
427	351
427	14
428	106
428	208
428	443
429	106
429	377
429	491
431	430
431	168
432	495
432	434
432	255
432	107
444	94
444	421
445	381
445	242
445	8
464	427
464	10
464	11
483	427
484	427
485	427
491	429
8	445
10	464
11	464
304	427
351	427
14	16
14	17
17	14
17	102
17	20
17	21
17	22
20	17
20	21
21	17
21	20
22	17
