19
44
69
91
130
266
268
270
273
283
285
303
338
350
352
412
432
467
579
604
607
725
726
836
918
968
1014
1064
1252
1299
1407
1474
1600
1627
1671
1706
1722
1724
1771
1786
1797
1820
1830
1886
1902
1984
1997
2022
2110
2130
2262
2272
2281
2291
2310
2322
2339
2401
2420
2457
2471
2705
2841
2980
3009
3016
3152
3199
3286
3376
3507
3711
3712
3770
3890
3957
3985
4039
4117
4205
4208
4210
4261
4266
4283
4317
4319
4322
4323
4324
4332
4334
4344
4357
4401
4428
4430
4583
4611
4621
4657
4707
4815
4837
4847
4922
4931
5102
5115
5162
5177
5255
5374
5388
5392
5476
5498
5502
5536
5558
5597
5610
5629
5667
5835
5900
6000
6088
6203
6205
6209
6220
6240
6244
6507
6526
6534
6552
6568
6591
6624
6625
6636
6741
6947
7024
7025
7034
7041
7129
7209
7229
7241
7302
7401
7473
7475
7506
7537
7616
7653
7699
7859
7864
7941
7946
7956
7981
8073
8074
8092
8102
8167
8190
8259
8260
8279
8285
8286
8291
8434
8442
8560
8564
8568
8569
8570
8571
8574
8576
8577
8581
8582
8584
8586
8587
8590
8592
8593
8595
8598
8600
8602
8603
8605
8606
8607
8608
8611
8614
8617
8621
8626
8662
8664
8694
8704
8712
8713
8714
8740
8769
8784
8798
8801
8806
8815
8817
8841
8847
8848
8870
8873
8875
8880
8896
8897
8911
8925
8951
8952
8956
8983
9005
9023
9030
9033
9055
9075
9082
9090
9124
9130
9141
9142
9157
9158
9164
9170
9171
9175
9178
9179
9181
9184
9190
9192
9193
9199
9200
9202
9207
9209
9216
9221
9222
9224
9225
9226
9230
9239
9250
9251
9260
9266
9270
9274
9279
9295
9300
9304
9309
9352
9381
9393
9395
9511
9612
9622
9631
9637
9638
9687
9729
9862
9960
10042
10052
10072
10096
10107
10206
10243
10260
10279
10318
10329
10361
10397
10403
10423
10424
10430
10434
10441
10465
10488
10498
10532
10558
10560
10578
10597
10604
10609
10613
10621
10631
10634
10681
10693
10708
10714
10721
10722
10732
10737
10740
10746
10822
10834
10935
10972
11014
11036
11097
11104
11110
11112
11115
11116
11119
11120
11122
11123
11124
11125
11126
11128
11130
11131
11132
11135
11136
11138
11140
11141
11145
11147
11148
11152
11176
11238
11429
11450
11453
11456
11460
11552
11564
11572
11576
11582
11594
11729
11751
11765
11780
11851
11855
11903
11917
11955
11968
11982
11983
12047
12054
12093
12148
12151
12171
12187
12197
12203
12210
12225
12233
12249
12293
12327
12356
12519
12520
12589
12591
12611
12661
12694
12826
12876
12907
12946
13009
13032
13045
13051
13088
13143
13179
13223
13247
13256
13275
13278
13304
13313
13326
13389
13455
13552
13567
13570
13571
13580
13584
13590
13627
13632
13644
13656
13668
13669
13724
13854
13917
13950
13957
13999
14150
14151
14316
14376
14425
14594
14597
14600
14601
14603
14692
14693
14737
14753
14789
14840
14862
14877
14929
15096
15111
15116
15252
15311
15346
15362
15493
15512
15546
15605
15612
15614
15615
15626
15629
15630
15635
15640
15642
15643
15649
15657
15658
15659
15661
15662
15663
15669
15670
15671
15673
15675
15676
15677
15684
15686
15687
15691
15693
15698
15699
15704
15709
15710
15713
15721
15722
15723
15724
15725
15728
15734
15736
15738
15740
15745
15746
15748
15749
15751
15752
15755
15756
15758
15763
15768
15769
15770
15772
15773
15774
15777
15779
15781
15785
15786
15788
15789
15790
15792
15795
15799
15800
15802
15803
15805
15810
15811
15812
15813
15814
15822
15824
15826
15827
15828
15833
15836
15837
15839
15840
15903
15952
15971
15976
16060
16097
16118
16129
16133
16134
16137
16140
16155
16163
16165
16169
16172
16175
16176
16177
16182
16189
16192
16193
16194
16196
16198
16201
16202
16207
16208
16209
16210
16211
16213
16323
16343
16402
16453
16481
16544
16561
16571
16777
16783
16803
16828
16840
16841
16850
16851
16852
16862
16867
16945
17042
17068
17085
17095
17128
17184
17191
17210
17230
17231
17237
17239
17248
17250
17253
17254
17256
17264
17265
17266
17270
17275
17277
17283
17287
17300
17305
17307
17309
17310
17311
17315
17316
17332
17333
17334
17335
17336
17339
17340
17341
17343
17344
17348
17349
17350
17356
17365
17371
17373
17378
17382
17383
17384
17385
17387
17390
17392
17393
17395
17399
17401
17403
17409
17410
17417
17420
17421
17427
17428
17439
17440
17457
17467
17471
17473
17475
17478
17481
17482
17484
17487
17488
17490
17493
17494
17495
17499
17500
17501
17503
17508
17509
17510
17511
17513
17514
17515
17517
17518
17520
17522
17527
17530
17534
17535
17537
17538
17547
17548
17552
17553
17557
17558
17561
17577
17583
17586
17589
17595
17598
17604
17606
17609
17610
17611
17612
17615
17618
17625
17626
17633
17634
17637
17641
17645
17647
17652
17657
17661
17663
17666
17675
17676
17677
17727
17742
17756
17759
17766
17776
17780
17802
17824
17829
17835
17836
17843
17896
17915
17923
17925
17943
17951
17961
18046
18061
18062
18093
18094
18128
18131
18158
18213
18243
18246
18257
18263
18267
18270
18289
18298
18303
18310
18313
18314
18328
18332
18368
18370
18371
18427
18437
18438
18475
18476
18484
18492
18571
18651
18654
18674
18705
18737
18755
18825
18850
18870
18871
18872
18895
18900
18904
18950
18953
19024
19039
19089
19092
19108
19150
19167
19250
19280
19323
19331
19350
19384
19470
19518
19530
19584
19585
19629
19662
19823
19838
19850
19863
19889
19911
19934
19947
19957
19963
19968
19974
19975
19990
19995
20009
20015
20038
20044
20045
20049
20057
20091
20197
20224
20232
20256
20305
20310
20312
20376
20415
20417
20421
20437
20438
20446
20453
20455
20482
20484
20558
20574
20585
20587
20593
20595
20618
20619
20629
20656
20769
20774
20837
20882
20950
20952
21035
21055
21065
21068
21069
21070
21075
21076
21122
21145
21154
21251
21269
21306
21307
21320
21352
21354
21365
21415
21424
21446
21453
21455
21480
21492
21508
21512
21524
21537
21576
21579
21594
21604
21606
21607
21608
21614
21616
21620
21623
21627
21629
21630
21649
21662
21671
21679
21697
21712
21722
21724
21728
21748
21751
21785
21791
21793
21797
21817
21875
21991
22047
22061
22062
22192
22294
22299
22306
22337
22361
22367
22438
22441
22442
22502
22540
22607
22634
22635
22641
22649
22681
22712
22714
22727
22741
22754
22755
22759
22764
22782
22805
22835
22943
22946
22960
22984
23007
23016
23121
23132
23142
23145
23220
23251
23260
23328
23330
23351
23356
23366
23371
23383
23397
23405
23421
23549
23557
23605
23644
23663
23667
23668
23731
23747
23758
23789
23844
23863
23978
24138
24198
24204
24213
24217
24222
24244
24338
24351
24366
24401
24416
24424
24507
24537
24570
24679
24751
24840
24842
24869
24870
24875
24877
24881
24889
24951
25005
25012
25034
25117
25121
25164
25167
25215
25229
25238
25273
25275
25295
25301
25303
25306
25340
25342
25345
25385
25403
25414
25416
25434
25439
25465
25490
25516
25531
25576
25616
25649
25663
25668
25675
25680
25691
25694
25755
25784
25785
25797
25865
25893
25901
25915
25940
25941
26030
26050
26182
26193
26232
26248
26309
26370
26420
26467
26474
26476
26479
26481
26485
26522
26530
26531
26585
26661
26725
26746
26747
26749
26777
26792
26800
26847
26866
26976
26987
26988
26989
26990
26992
26993
26994
26996
26997
26998
27000
27001
27002
27004
27005
27006
27008
27009
27010
27016
27018
27022
27025
27027
27054
27055
27071
27073
27074
27075
27076
27083
27100
27141
27154
27179
27183
27184
27186
27197
27212
27213
27218
27265
27359
27370
27375
27389
27390
27398
27399
27411
27436
27502
27517
27560
27589
27598
27682
27697
27703
27726
27795
27800
27815
27824
27827
27830
27841
27852
27853
27867
27906
27935
27949
27996
27997
28000
28030
28057
28109
28159
28185
28198
28201
28202
28211
28215
28234
28236
28242
28243
28339
28420
28430
28456
28505
28574
28586
28608
28612
28716
28718
28729
28730
28761
28770
28838
28882
28941
28959
29040
29061
29064
29095
29099
29150
29203
29210
29221
29245
29302
29402
29452
29470
29471
29487
29500
29506
29507
29559
29573
29737
29782
29785
29871
29874
29881
29883
29899
29928
29929
29940
29958
29969
29970
29971
29973
29984
29996
30007
30008
30017
30023
30048
30049
30066
30070
30079
30080
30081
30097
30101
30106
30108
30131
30133
30143
30173
30176
30185
30189
30201
30212
30220
30227
30241
30247
30266
30270
30292
30299
30302
30308
30316
30318
30326
30340
30348
30367
30373
30380
30385
30386
30387
30393
30394
30395
30396
30418
30423
30430
30437
30441
30444
30446
30449
30468
30475
30478
30495
30500
30519
30520
30524
30528
30530
30537
30546
30551
30557
30558
30562
30587
30597
30617
30618
30625
30651
30653
30654
30656
30659
30666
30667
30671
30683
30689
30695
30702
30706
30717
30718
30720
30724
30725
30754
30761
30787
30800
30803
30811
30817
30818
30847
30848
30859
30870
30871
30878
30882
30887
30894
30895
30913
30920
30921
30927
30929
30932
30934
30935
30936
30951
30962
30963
30964
30973
30977
30983
30989
30993
30995
31015
31035
31043
31055
31061
31062
31070
31076
31081
31091
31093
31104
31106
31108
31109
31110
31121
31122
31130
31133
31136
31138
31143
31144
31166
31169
31182
31201
31214
31255
31260
31290
31362
31392
31460
31462
31530
31531
31533
31534
31539
31540
31541
31543
31562
31580
31607
31609
31637
31644
31645
31658
31661
31694
31696
31698
31699
31709
31717
31724
31729
31737
31739
31747
31748
31750
31763
31764
31772
31780
31784
31792
31803
31845
31846
31849
31851
31854
31943
31945
31949
31983
31995
31996
32002
32003
32008
32024
32093
32095
32120
32208
32233
32235
32285
32324
32332
32365
32386
32400
32433
32463
32500
32512
32524
32532
32546
32557
32559
32562
32565
32569
32585
32604
32663
32668
32711
32803
32813
32833
32837
32865
32914
32959
32971
33184
33199
33213
33220
33252
33253
33305
33307
33308
33309
33311
33313
33319
33321
33322
33323
33324
33326
33329
33330
33331
33353
33354
33386
33387
33400
33438
33442
33444
33445
33481
33514
33526
33539
33573
33649
33806
33820
33881
33921
33951
33954
33959
33989
34029
34099
34106
34259
34457
34548
34618
34676
34784
34796
34821
34855
34892
34893
34981
35015
35019
35098
35157
35355
35365
35472
35490
35646
35749
35763
35825
35831
35834
35974
36049
36226
36314
36468
36495
36558
36565
36613
36751
36923
36928
36930
37001
37060
37418
37423
37446
37464
37504
37552
37567
37669
37714
37728
37749
37762
37777
37787
37909
38056
38062
38333
38456
38515
38539
38617
38644
38698
38762
38766
38916
38919
38998
39005
39125
39151
39212
39261
39449
39469
39485
39492
39518
39542
39568
39582
39647
39806
39808
39893
40036
40050
40058
40171
40186
40293
40318
40333
40412
40419
40464
40466
40474
40511
40514
40562
40675
40676
40681
40690
40774
40839
40850
40885
40897
40952
40973
41015
41078
41088
41097
41155
41169
41198
41199
41273
41350
41403
41419
41425
41520
41559
41623
41666
41733
41746
41753
41889
41938
41944
41987
42019
42141
42198
42233
42300
42321
42339
42375
42441
42555
42611
42648
42823
42859
42890
43028
43045
43053
43124
43191
43227
43328
43359
43411
43436
43468
43503
43566
43570
43578
43585
43601
43611
43622
43643
43735
43824
43851
43859
43886
43901
43977
44017
44058
44094
44104
44121
44291
44313
44352
44394
44399
44477
44522
44536
44620
44766
44817
44825
44834
44837
44842
44888
44893
44908
44927
44961
45019
45256
45258
45311
45358
45380
45418
45606
45701
45745
45764
45782
45792
45846
45848
45900
45925
45962
45991
46038
46041
46101
46254
46273
46276
46383
46422
46453
46496
46510
46524
46526
46632
46638
46647
46663
46812
46858
46946
47014
47033
47127
47129
47174
47211
47222
47273
47284
47315
47318
47353
47383
47414
47542
47594
47595
47683
47689
47750
47809
47889
47950
47985
48027
48080
48107
48110
48132
48291
48334
48335
48358
48400
48471
48581
48688
48788
48869
48932
48999
49025
49223
49279
49321
49449
49454
49458
49562
49618
49703
49830
49846
49932
49944
50034
50047
50145
50261
50285
50295
50417
50510
50621
50664
50830
50847
50879
50944
51033
51120
51273
51407
51438
51480
51488
51536
51546
51548
51606
51670
51777
51808
51912
51917
51951
52051
52101
52108
52135
52170
52343
52376
52442
52483
52545
52577
52769
52835
52873
52911
53047
53054
53121
53173
53185
53274
53355
53429
53444
53491
53621
53625
53768
53775
53823
53831
53832
53842
53865
53910
53916
53983
54020
54105
54178
54197
54339
54491
54493
54559
54692
54730
54827
54830
54857
54880
54896
54955
54974
55016
55058
55622
55640
55651
55726
55744
55769
55778
56058
56068
56180
56191
56239
56258
56281
56311
56365
56387
56463
56505
56509
56555
56569
56576
56620
56657
56811
56830
56897
56902
56915
56917
56993
57040
57123
57151
57179
57200
57245
57254
57470
57521
57526
57644
57660
57782
57783
57804
57911
58095
58127
58138
58171
58260
58270
58335
58403
58411
58423
58426
58463
58550
58563
58610
58760
58847
58856
58910
59039
59097
59125
59126
59143
59258
59322
59361
59409
59456
59484
59631
59634
59796
59802
59951
59967
59983
60084
60100
60118
60225
60239
60303
60369
60380
60408
60469
60489
60556
60643
60675
60780
60841
60855
61243
61283
61289
61489
61507
61516
61545
61622
61760
61828
61874
61898
61954
62069
62221
62419
62454
62469
62564
62575
62584
62670
62673
62679
62704
62706
63014
63027
63044
63236
63254
63258
63390
63449
63519
63523
63558
63560
63566
63577
63656
63680
63690
63727
63737
63759
63802
63820
63821
63872
63881
64054
64158
64208
64235
64278
64307
64559
64566
64670
64681
64707
65005
65172
65202
65215
65309
65346
65390
65420
65422
65429
65485
65564
65605
65681
65750
65791
65936
65980
66022
66124
66207
66345
66377
66547
66676
66708
66725
66807
66845
66850
66890
66903
66968
67000
67010
67020
67064
67232
67239
67284
