1
5
10
11
14
15
20
24
25
31
42
48
52
53
54
57
58
68
69
74
80
85
91
92
93
102
103
106
111
112
122
125
127
130
134
136
138
139
147
148
150
153
157
161
170
172
175
178
180
182
183
189
191
194
198
200
201
202
203
204
208
209
210
214
218
222
224
225
226
236
244
245
248
249
256
257
260
261
265
266
267
271
279
281
282
287
289
291
293
295
297
302
307
308
311
318
322
325
326
327
332
333
339
348
351
360
362
364
365
368
374
379
382
387
392
395
400
401
407
413
418
419
426
431
436
442
446
447
449
452
454
455
462
465
468
476
477
479
482
483
487
490
492
504
515
516
518
519
521
522
530
537
542
543
544
545
546
552
564
567
568
573
576
578
594
595
596
600
601
606
609
610
611
613
619
623
628
630
634
639
642
643
646
649
650
651
658
662
663
667
674
675
678
679
681
683
684
685
688
689
693
695
697
700
702
704
706
707
708
709
710
713
714
715
717
726
727
728
729
731
738
743
744
749
757
764
765
767
768
772
774
776
785
787
800
804
810
814
819
821
825
826
829
831
834
838
841
844
845
848
849
851
852
854
857
865
873
874
877
881
887
890
892
893
896
899
904
906
907
911
913
915
918
921
928
930
931
932
936
941
943
944
950
951
955
959
962
963
964
967
969
973
981
982
985
987
988
992
993
994
1002
1007
1012
1023
1024
1031
1032
1033
1035
1040
1042
1046
1047
1049
1052
1053
1058
1060
1062
1063
1065
1066
1067
1069
1071
1073
1074
1076
1077
1080
1081
1091
1094
1097
1099
1100
1101
1102
1106
1107
1117
1119
1121
1125
1130
1131
1139
1152
1153
1154
1156
1161
1162
1164
1166
1167
1171
1173
1181
1190
1193
1194
1196
1197
1201
1208
1210
1211
1220
1222
1223
1224
1232
1233
1234
1235
1245
1247
1260
1268
1269
1281
1282
1284
1285
1288
1291
1302
1303
1305
1308
1310
1314
1315
1319
1326
1327
1328
1332
1340
1342
1345
1348
1349
1351
1358
1362
1364
1372
1378
1380
1382
1386
1387
1396
1398
1399
1402
1403
1405
1408
1409
1411
1412
1417
1418
1420
1427
1428
1435
1436
1439
1446
1447
1452
1462
1464
1465
1470
1471
1473
1474
1477
1478
1481
1484
1485
1494
1496
1498
1502
1504
1506
1520
1521
1523
1533
1538
1540
1543
1544
1557
1561
1567
1574
1578
1582
1585
1586
1595
1599
1601
1606
1608
1610
1614
1615
1619
1623
1624
1626
1628
1632
1633
1635
1636
1637
1640
1643
1645
1646
1649
1650
1653
1655
1656
1658
1662
1668
1670
1677
1683
1685
1687
1692
1694
1697
1698
1701
1703
1706
1707
1714
1724
1726
1731
1734
1737
1739
1740
1743
1745
1746
1749
1752
1759
1762
1763
1769
1770
1771
1773
1777
1778
1780
1781
1782
1785
1789
1792
1794
1795
1796
1797
1799
1801
1804
1807
1809
1812
1818
1822
1824
1826
1829
1830
1831
1833
1834
1837
1842
1851
1858
1864
1866
1868
1871
1873
1875
1877
1881
1882
1885
1898
1908
1910
1913
1916
1918
1923
1924
1932
1933
1934
1937
1940
1944
1945
1947
1952
1953
1958
1962
1966
1969
1971
1972
1973
1975
1980
1984
1988
1991
1997
1999
2000
2006
2007
2011
2015
2019
2024
2026
2029
2030
2033
2036
2038
2041
2044
2053
2055
2057
2058
2067
2073
2081
2082
2084
2091
2092
2094
2095
2096
2098
2100
2103
2112
2115
2117
2128
2136
2140
2141
2142
2144
2148
2149
2155
2161
2163
2166
2169
2172
2173
2179
2181
2191
2192
2197
2201
2208
2217
2218
2227
2233
2235
2238
2239
2241
2247
2248
2251
2252
2254
2258
2260
2261
2265
2266
2274
2275
2282
2287
2298
2306
2307
2308
2310
2311
2313
2314
2320
2321
2326
2330
2331
2332
2333
2346
2348
2350
2356
2357
2363
2365
2369
2370
2373
2380
2385
2387
2390
2394
2398
2401
2404
2410
2412
2414
2417
2423
2424
2425
2429
2431
2433
2434
2435
2438
2439
2442
2444
2446
2447
2448
2450
2453
2456
2460
2461
2462
2463
2472
2473
2476
2487
2498
2500
2501
2504
2506
2507
2508
2509
2519
2535
2537
2543
2546
2547
2548
2549
2551
2553
2554
2559
2562
2563
2574
2578
2585
2587
2596
2597
2600
2603
2607
2609
2610
2611
2612
2623
2627
2628
2634
2645
2647
2648
2649
2651
2656
2660
2666
2667
2668
2669
2671
2672
2678
2681
2683
2693
2698
2700
2701
2709
2710
2711
2716
2717
2718
2721
2725
2733
2737
2738
2739
2740
2744
2749
2751
2752
2753
2760
2761
2762
2763
2770
2772
2774
2775
2778
2780
2781
2783
2786
2794
2799
2803
2804
2806
2808
2812
2813
2817
2821
2825
2829
2830
2832
2834
2845
2848
2849
2851
2853
2855
2856
2858
2862
2863
2867
2872
2876
2880
2883
2887
2889
2890
2896
2901
2902
2904
2905
2916
2919
2927
2931
2934
2936
2938
2939
2940
2946
2948
2949
2952
2962
2968
2971
2973
2977
2978
2980
2981
2983
2989
2993
2994
3001
3004
3007
3012
3013
3017
3018
3019
3021
3022
3025
3026
3027
3030
3035
3038
3040
3041
3042
3046
3048
3052
3053
3054
3060
3062
3069
3072
3074
3082
3088
3089
3091
3092
3095
3100
3101
3103
3108
3114
3116
3117
3122
3124
3126
3130
3131
3134
3142
3160
3161
3164
3165
3168
3171
3174
3175
3177
3178
3180
3181
3183
3184
3187
3189
3192
3193
3195
3201
3204
3206
3212
3214
3216
3219
3223
3224
3232
3241
3243
3249
3250
3251
3252
3268
3269
3270
3271
3274
3276
3277
3278
3280
3281
3286
3288
3297
3301
3306
3309
3315
3322
3324
3327
3330
3336
3344
3345
3352
3355
3357
3358
3361
3362
3363
3367
3378
3389
3402
3404
3409
3414
3418
3421
3423
3425
3445
3447
3449
3458
3462
3464
3469
3474
3475
3476
3477
3481
3485
3488
3490
3491
3493
3495
3497
3498
3502
3506
3507
3508
3509
3511
3516
3517
3519
3520
3522
3523
3528
3537
3538
3544
3546
3549
3552
3553
3554
3555
3556
3557
3563
3565
3566
3567
3569
3570
3574
3575
3581
3585
3586
3590
3591
3595
3596
3601
3602
3603
3605
3606
3611
3617
3623
3624
3625
3631
3633
3636
3640
3642
3646
3653
3656
3657
3661
3664
3669
3670
3671
3673
3675
3678
3680
3683
3690
3695
3696
3705
3708
3710
3711
3713
3720
3722
3725
3726
3727
3730
3731
3733
3734
3736
3739
3744
3747
3755
3756
3760
3763
3765
3766
3770
3774
3777
3778
3781
3782
3787
3792
3797
3798
3799
3800
3806
3814
3816
3817
3823
3824
3825
3826
3831
3840
3845
3852
3855
3858
3860
3862
3869
3871
3872
3874
3878
3880
3889
3896
3897
3898
3899
3900
3908
3910
3914
3915
3917
3923
3924
3928
3931
3943
3945
3956
3962
3964
3969
3978
3980
3987
3992
3996
3999
4006
4007
4008
4014
4017
4022
4023
4026
4028
4032
4042
4046
4050
4059
4062
4063
4065
4068
4069
4070
4075
4076
4078
4082
4084
4085
4092
4096
4098
4101
4109
4116
4119
4121
4125
4127
4128
4131
4132
4134
4135
4136
4137
4140
4144
4146
4150
4158
4161
4164
4167
4171
4175
4177
4178
4181
4183
4189
4192
4195
4196
4198
4201
4202
4203
4205
4206
4209
4210
4215
4220
4223
4224
4225
4229
4233
4235
4237
4238
4241
4245
4250
4251
4253
4255
4261
4264
4267
4270
4273
4277
4279
4280
4281
4282
4288
4289
4292
4294
4300
4301
4308
4310
4313
4314
4318
4319
4320
4331
4334
4337
4339
4340
4341
4344
4345
4346
4349
4355
4359
4362
4363
4365
4366
4368
4370
4373
4382
4386
4387
4389
4396
4397
4406
4409
4411
4414
4417
4418
4423
4427
4428
4431
4438
4440
4444
4448
4452
4456
4461
4465
4469
4474
4476
4478
4479
4483
4491
4492
4494
4500
4510
4513
4514
4518
4520
4523
4524
4536
4540
4544
4554
4558
4560
4564
4567
4568
4570
4575
4576
4578
4582
4586
4587
4591
4592
4594
4595
4599
4600
4601
4602
4604
4608
4616
4618
4619
4620
4623
4625
4631
4634
4640
4645
4649
4655
4661
4662
4664
4669
4670
4671
4682
4684
4685
4689
4692
4693
4695
4696
4698
4700
4703
4705
4707
4709
4711
4712
4713
4717
4724
4730
4736
4740
4741
4742
4743
4745
4752
4757
4758
4759
4762
4766
4781
4785
4788
4789
4790
4791
4794
4795
4796
4798
4799
4803
4809
4814
4815
4818
4824
4827
4828
4829
4836
4839
4844
4845
4846
4847
4854
4857
4862
4863
4866
4867
4868
4873
4884
4888
4890
4891
4895
4898
4899
4901
4903
4905
4906
4908
4914
4916
4922
4934
4941
4943
4948
4950
4955
4958
4970
4976
4977
4981
4982
4986
4988
4989
4992
5010
5011
5012
5023
5025
5028
5030
5034
5040
5045
5047
5055
5065
5069
5071
5078
5083
5086
5087
5088
5089
5091
5094
5096
5103
5105
5107
5108
5110
5117
5118
5120
5124
5125
5128
5132
5134
5136
5139
5140
5142
5144
5161
5166
5169
5171
5173
5174
5180
5182
5183
5184
5185
5187
5188
5190
5191
5196
5198
5199
5201
5202
5204
5206
5211
5221
5223
5228
5229
5236
5240
5244
5245
5247
5249
5251
5255
5256
5259
5260
5261
5262
5264
5269
5270
5274
5280
5281
5282
5290
5292
5297
5299
5304
5311
5313
5315
5321
5324
5330
5331
5332
5336
5337
5338
5344
5345
5347
5351
5352
5353
5354
5357
5360
5364
5365
5366
5369
5376
5379
5383
5384
5386
5387
5390
5391
5393
5399
5400
5406
5407
5410
5411
5413
5414
5420
5422
5430
5431
5444
5447
5451
5452
5458
5465
5466
5467
5469
5470
5472
5473
5478
5481
5482
5487
5488
5490
5494
5495
5496
5503
5506
5510
5512
5517
5518
5520
5523
5525
5528
5529
5532
5534
5537
5540
5544
5545
5551
5552
5555
5562
5564
5565
5566
5570
5574
5576
5580
5585
5592
5595
5596
5600
5603
5605
5609
5615
5622
5623
5624
5634
5635
5638
5639
5643
5655
5656
5659
5664
5672
5673
5674
5676
5678
5681
5700
5703
5707
5709
5711
5712
5713
5717
5723
5724
5729
5734
5737
5740
5742
5743
5745
5749
5753
5758
5763
5766
5768
5771
5776
5791
5796
5797
5798
5800
5807
5816
5823
5824
5827
5835
5839
5847
5848
5852
5856
5858
5859
5860
5863
5865
5866
5869
5870
5872
5877
5880
5883
5884
5887
5888
5895
5902
5906
5910
5911
5912
5917
5921
5924
5926
5933
5936
5942
5946
5947
5948
5949
5955
5957
5962
5964
5965
5966
5970
5974
5976
5982
5985
5987
5990
5994
5995
5997
5998
6004
6009
6014
6018
6025
6026
6030
6036
6037
6039
6042
6045
6052
6054
6056
6058
6060
6065
6067
6073
6075
6082
6083
6085
6087
6089
6092
6097
6100
6105
6107
6109
6111
6127
6133
6140
6141
6148
6153
6154
6155
6158
6163
6175
6176
6185
6187
6188
6189
6191
6192
6205
6206
6207
6214
6217
6221
6222
6223
6224
6227
6229
6231
6235
6240
6246
6251
6254
6255
6257
6262
6270
6271
6276
6287
6288
6294
6299
6304
6306
6309
6311
6314
6315
6318
6325
6327
6328
6334
6336
6342
6343
6344
6350
6352
6365
6367
6376
6380
6382
6383
6384
6397
6398
6400
6403
6407
6408
6409
6413
6414
6417
6419
6425
6431
6437
6438
6440
6443
6449
6459
6462
6467
6469
6473
6475
6481
6488
6489
6490
6491
6495
6496
6499
6500
6502
6504
6505
6508
6510
6513
6517
6521
6522
6523
6525
6529
6532
6542
6545
6546
6551
6552
6553
6555
6556
6561
6563
6571
6579
6582
6583
6584
6585
6589
6590
6593
6598
6602
6603
6604
6610
6613
6615
6616
6618
6619
6620
6623
6624
6625
6626
6627
6629
6631
6632
6634
6639
6645
6646
6654
6657
6658
6659
6679
6684
6686
6699
6700
6703
6704
6708
6710
6715
6717
6719
6726
6727
6729
6733
6743
6749
6750
6759
6760
6762
6765
6766
6769
6779
6781
6785
6788
6792
6793
6802
6807
6808
6810
6813
6815
6817
6818
6821
6824
6825
6828
6829
6832
6833
6834
6837
6838
6839
6842
6843
6846
6847
6850
6851
6852
6854
6860
6861
6868
6871
6872
6873
6878
6880
6881
6885
6889
6894
6898
6900
6902
6907
6911
6912
6914
6915
6925
6931
6935
6939
6940
6951
6955
6957
6965
6970
6976
6983
6986
6987
6989
6993
6994
6997
6999
7001
7003
7006
7009
7010
7011
7018
7019
7025
7026
7032
7035
7039
7043
7045
7046
7048
7056
7057
7071
7073
7082
7083
7088
7090
7091
7095
7100
7101
7109
7110
7111
7116
7119
7124
7126
7132
7136
7137
7145
7146
7148
7150
7152
7153
7154
7156
7159
7161
7165
7170
7171
7172
7177
7179
7180
7182
7185
7190
7191
7195
7197
7199
7201
7203
7204
7206
7208
7209
7210
7215
7216
7218
7219
7222
7224
7226
7229
7231
7235
7245
7246
7247
7250
7252
7258
7261
7262
7265
7267
7270
7272
7274
7275
7276
7278
7285
7288
7291
7292
7294
7297
7299
7300
7303
7307
7308
7313
7315
7317
7324
7325
7326
7333
7334
7338
7344
7346
7348
7351
7352
7355
7358
7359
7360
7373
7374
7375
7377
7384
7392
7395
7396
7411
7412
7415
7430
7431
7432
7434
7436
7438
7439
7440
7443
7459
7461
7465
7472
7482
7484
7491
7494
7497
7512
7514
7515
7517
7518
7521
7528
7530
7537
7543
7546
7550
7559
7563
7564
7566
7571
7572
7573
7576
7578
7580
7582
7584
7585
7590
7592
7593
7594
7602
7603
7606
7611
7612
7614
7617
7619
7625
7629
7633
7642
7644
7647
7657
7658
7660
7662
7665
7668
7670
7682
7683
7685
7687
7688
7695
7697
7699
7701
7702
7705
7706
7710
7711
7716
7717
7722
7723
7730
7731
7732
7736
7738
7743
7746
7752
7753
7755
7756
7758
7762
7775
7782
7784
7785
7791
7794
7801
7806
7809
7817
7819
7822
7827
7829
7836
7838
7841
7843
7844
7845
7846
7847
7848
7852
7855
7858
7863
7867
7869
7874
7876
7880
7882
7886
7887
7892
7898
7900
7902
7912
7920
7923
7925
7928
7932
7933
7934
7938
7948
7951
7962
7964
7966
7968
7971
7977
7981
7986
7987
8003
8011
8015
8023
8029
8031
8033
8035
8040
8041
8045
8048
8051
8052
8053
8058
8062
8063
8065
8068
8071
8076
8077
