1	0
5	0
10	0
11	0
14	0
15	0
20	0
24	0
25	0
31	1
42	0
48	0
52	0
53	0
54	0
57	0
58	1
68	0
69	0
74	0
80	0
85	0
91	0
92	0
93	0
102	0
103	0
106	0
111	0
112	0
122	0
125	0
127	0
130	0
134	0
136	0
138	0
139	0
147	0
148	0
150	0
153	0
157	0
161	0
170	0
172	0
175	0
178	0
180	0
182	0
183	0
189	0
191	0
194	1
198	0
200	0
201	0
202	0
203	0
204	0
208	0
209	0
210	0
214	0
218	0
222	1
224	0
225	0
226	0
236	0
244	0
245	0
248	0
249	0
256	0
257	0
260	0
261	0
265	0
266	0
267	0
271	1
279	0
281	1
282	0
287	0
289	0
291	0
293	0
295	0
297	0
302	0
307	0
308	0
311	0
318	0
322	0
325	0
326	0
327	0
332	0
333	0
339	0
348	0
351	0
360	0
362	0
364	0
365	0
368	1
374	0
379	1
382	0
387	0
392	0
395	0
400	0
401	0
407	0
413	0
418	0
419	0
426	0
431	0
436	0
442	0
446	0
447	0
449	0
452	0
454	0
455	0
462	0
465	0
468	0
476	0
477	0
479	0
482	0
483	0
487	0
490	0
492	0
504	0
515	0
516	0
518	0
519	0
521	0
522	1
530	0
537	0
542	0
543	0
544	0
545	0
546	0
552	0
564	0
567	0
568	0
573	0
576	0
578	0
594	0
595	0
596	0
600	0
601	0
606	0
609	0
610	0
611	0
613	0
619	0
623	0
628	0
630	0
634	1
639	1
642	0
643	0
646	0
649	0
650	0
651	0
658	0
662	0
663	0
667	0
674	0
675	0
678	0
679	0
681	0
683	0
684	0
685	0
688	0
689	0
693	0
695	0
697	0
700	0
702	0
704	0
706	0
707	0
708	0
709	0
710	0
713	0
714	0
715	0
717	0
726	0
727	0
728	0
729	0
731	0
738	0
743	0
744	0
749	0
757	0
764	0
765	0
767	0
768	0
772	0
774	0
776	0
785	0
787	0
800	0
804	0
810	0
814	0
819	0
821	0
825	0
826	0
829	0
831	0
834	0
838	0
841	0
844	0
845	0
848	0
849	1
851	0
852	0
854	0
857	0
865	0
873	0
874	0
877	0
881	0
887	0
890	0
892	0
893	0
896	0
899	0
904	0
906	0
907	0
911	0
913	0
915	0
918	1
921	0
928	0
930	0
931	0
932	0
936	0
941	0
943	0
944	0
950	0
951	0
955	0
959	0
962	0
963	0
964	1
967	0
969	0
973	0
981	0
982	0
985	0
987	0
988	0
992	0
993	0
994	0
1002	0
1007	0
1012	0
1023	0
1024	0
1031	0
1032	0
1033	0
1035	0
1040	0
1042	0
1046	0
1047	0
1049	0
1052	0
1053	0
1058	0
1060	0
1062	0
1063	0
1065	0
1066	0
1067	0
1069	0
1071	0
1073	0
1074	0
1076	0
1077	0
1080	0
1081	0
1091	0
1094	0
1097	0
1099	0
1100	0
1101	0
1102	1
1106	0
1107	0
1117	0
1119	0
1121	0
1125	0
1130	0
1131	0
1139	0
1152	0
1153	0
1154	0
1156	0
1161	0
1162	0
1164	0
1166	0
1167	0
1171	0
1173	0
1181	0
1190	0
1193	0
1194	0
1196	0
1197	0
1201	0
1208	0
1210	0
1211	0
1220	0
1222	0
1223	0
1224	0
1232	0
1233	0
1234	0
1235	0
1245	0
1247	0
1260	0
1268	0
1269	0
1281	0
1282	0
1284	0
1285	0
1288	0
1291	1
1302	0
1303	0
1305	0
1308	0
1310	0
1314	0
1315	0
1319	0
1326	0
1327	0
1328	0
1332	0
1340	0
1342	0
1345	0
1348	0
1349	0
1351	0
1358	0
1362	0
1364	0
1372	0
1378	0
1380	0
1382	0
1386	0
1387	0
1396	0
1398	0
1399	0
1402	0
1403	0
1405	0
1408	0
1409	0
1411	0
1412	0
1417	0
1418	0
1420	0
1427	1
1428	0
1435	0
1436	0
1439	0
1446	0
1447	0
1452	0
1462	0
1464	0
1465	0
1470	0
1471	0
1473	0
1474	0
1477	0
1478	0
1481	0
1484	0
1485	0
1494	0
1496	0
1498	0
1502	0
1504	0
1506	0
1520	0
1521	0
1523	0
1533	0
1538	0
1540	0
1543	0
1544	0
1557	0
1561	0
1567	0
1574	0
1578	0
1582	0
1585	0
1586	0
1595	0
1599	0
1601	0
1606	0
1608	0
1610	0
1614	0
1615	0
1619	0
1623	0
1624	0
1626	0
1628	0
1632	0
1633	0
1635	0
1636	0
1637	0
1640	0
1643	0
1645	0
1646	0
1649	0
1650	0
1653	0
1655	0
1656	0
1658	0
1662	0
1668	0
1670	0
1677	0
1683	0
1685	0
1687	0
1692	0
1694	0
1697	0
1698	0
1701	0
1703	0
1706	0
1707	0
1714	0
1724	0
1726	0
1731	1
1734	0
1737	0
1739	0
1740	0
1743	0
1745	0
1746	0
1749	0
1752	0
1759	0
1762	0
1763	0
1769	1
1770	0
1771	0
1773	0
1777	0
1778	0
1780	0
1781	0
1782	0
1785	0
1789	0
1792	0
1794	0
1795	0
1796	0
1797	0
1799	0
1801	0
1804	0
1807	0
1809	0
1812	0
1818	0
1822	0
1824	0
1826	0
1829	0
1830	0
1831	0
1833	0
1834	0
1837	0
1842	1
1851	0
1858	0
1864	0
1866	0
1868	0
1871	0
1873	0
1875	0
1877	0
1881	0
1882	0
1885	0
1898	0
1908	0
1910	0
1913	0
1916	0
1918	0
1923	0
1924	0
1932	0
1933	0
1934	0
1937	0
1940	0
1944	0
1945	0
1947	0
1952	0
1953	0
1958	0
1962	0
1966	0
1969	0
1971	0
1972	0
1973	0
1975	0
1980	0
1984	0
1988	0
1991	0
1997	0
1999	0
2000	1
2006	0
2007	0
2011	1
2015	0
2019	0
2024	0
2026	0
2029	0
2030	0
2033	0
2036	0
2038	0
2041	0
2044	0
2053	0
2055	0
2057	0
2058	0
2067	0
2073	0
2081	0
2082	0
2084	0
2091	0
2092	0
2094	0
2095	0
2096	0
2098	0
2100	0
2103	0
2112	0
2115	0
2117	0
2128	0
2136	0
2140	0
2141	0
2142	0
2144	0
2148	0
2149	0
2155	0
2161	0
2163	0
2166	0
2169	0
2172	0
2173	0
2179	0
2181	0
2191	0
2192	0
2197	0
2201	0
2208	0
2217	1
2218	0
2227	0
2233	0
2235	0
2238	0
2239	0
2241	0
2247	0
2248	0
2251	0
2252	0
2254	0
2258	0
2260	0
2261	0
2265	0
2266	0
2274	0
2275	0
2282	0
2287	0
2298	0
2306	0
2307	0
2308	0
2310	0
2311	0
2313	0
2314	0
2320	0
2321	0
2326	0
2330	0
2331	0
2332	0
2333	0
2346	0
2348	0
2350	0
2356	0
2357	0
2363	0
2365	0
2369	0
2370	0
2373	0
2380	0
2385	0
2387	0
2390	0
2394	0
2398	0
2401	0
2404	0
2410	0
2412	0
2414	0
2417	0
2423	1
2424	0
2425	0
2429	0
2431	0
2433	0
2434	0
2435	0
2438	0
2439	0
2442	0
2444	0
2446	0
2447	0
2448	0
2450	0
2453	0
2456	0
2460	0
2461	0
2462	0
2463	0
2472	0
2473	0
2476	0
2487	0
2498	0
2500	0
2501	0
2504	0
2506	0
2507	0
2508	0
2509	0
2519	0
2535	0
2537	0
2543	0
2546	0
2547	0
2548	0
2549	0
2551	0
2553	0
2554	0
2559	0
2562	0
2563	0
2574	0
2578	0
2585	0
2587	0
2596	0
2597	0
2600	0
2603	0
2607	0
2609	0
2610	1
2611	0
2612	0
2623	0
2627	0
2628	0
2634	0
2645	0
2647	0
2648	0
2649	0
2651	0
2656	0
2660	0
2666	0
2667	0
2668	0
2669	0
2671	0
2672	0
2678	0
2681	0
2683	0
2693	0
2698	0
2700	0
2701	0
2709	0
2710	1
2711	0
2716	0
2717	0
2718	0
2721	0
2725	0
2733	1
2737	0
2738	0
2739	0
2740	0
2744	0
2749	0
2751	0
2752	0
2753	0
2760	0
2761	0
2762	0
2763	0
2770	0
2772	0
2774	0
2775	0
2778	0
2780	0
2781	0
2783	0
2786	0
2794	0
2799	0
2803	0
2804	0
2806	0
2808	0
2812	0
2813	0
2817	0
2821	0
2825	0
2829	0
2830	1
2832	0
2834	0
2845	0
2848	0
2849	0
2851	0
2853	0
2855	0
2856	0
2858	0
2862	0
2863	0
2867	1
2872	0
2876	0
2880	0
2883	0
2887	0
2889	0
2890	0
2896	0
2901	0
2902	0
2904	0
2905	0
2916	0
2919	0
2927	0
2931	0
2934	0
2936	0
2938	0
2939	0
2940	0
2946	0
2948	0
2949	0
2952	0
2962	0
2968	0
2971	0
2973	0
2977	0
2978	0
2980	0
2981	0
2983	0
2989	0
2993	0
2994	0
3001	0
3004	0
3007	0
3012	0
3013	0
3017	0
3018	0
3019	0
3021	0
3022	0
3025	0
3026	0
3027	0
3030	0
3035	0
3038	0
3040	0
3041	0
3042	0
3046	0
3048	0
3052	0
3053	0
3054	0
3060	0
3062	0
3069	0
3072	0
3074	0
3082	0
3088	0
3089	0
3091	0
3092	0
3095	0
3100	0
3101	0
3103	0
3108	0
3114	0
3116	0
3117	0
3122	0
3124	0
3126	0
3130	0
3131	0
3134	0
3142	0
3160	0
3161	1
3164	0
3165	0
3168	0
3171	0
3174	0
3175	0
3177	0
3178	0
3180	0
3181	0
3183	0
3184	0
3187	0
3189	0
3192	0
3193	0
3195	0
3201	0
3204	0
3206	0
3212	0
3214	0
3216	0
3219	0
3223	0
3224	0
3232	0
3241	0
3243	0
3249	0
3250	0
3251	0
3252	0
3268	0
3269	0
3270	0
3271	0
3274	0
3276	0
3277	0
3278	0
3280	0
3281	1
3286	0
3288	0
3297	0
3301	0
3306	0
3309	0
3315	0
3322	0
3324	0
3327	0
3330	0
3336	0
3344	0
3345	0
3352	0
3355	0
3357	0
3358	0
3361	0
3362	0
3363	0
3367	0
3378	0
3389	0
3402	0
3404	0
3409	0
3414	0
3418	0
3421	0
3423	0
3425	0
3445	0
3447	0
3449	1
3458	0
3462	0
3464	0
3469	0
3474	0
3475	0
3476	0
3477	0
3481	0
3485	0
3488	0
3490	0
3491	0
3493	0
3495	0
3497	0
3498	0
3502	0
3506	0
3507	0
3508	0
3509	0
3511	0
3516	0
3517	0
3519	0
3520	0
3522	0
3523	0
3528	0
3537	0
3538	0
3544	0
3546	0
3549	0
3552	0
3553	0
3554	0
3555	0
3556	0
3557	0
3563	0
3565	0
3566	1
3567	0
3569	0
3570	0
3574	0
3575	0
3581	0
3585	0
3586	0
3590	0
3591	0
3595	0
3596	0
3601	0
3602	0
3603	0
3605	0
3606	0
3611	0
3617	0
3623	0
3624	0
3625	1
3631	0
3633	0
3636	0
3640	0
3642	0
3646	0
3653	0
3656	0
3657	0
3661	0
3664	0
3669	0
3670	0
3671	0
3673	0
3675	0
3678	0
3680	0
3683	1
3690	0
3695	0
3696	0
3705	0
3708	0
3710	0
3711	0
3713	0
3720	0
3722	0
3725	0
3726	0
3727	0
3730	0
3731	0
3733	0
3734	0
3736	0
3739	0
3744	0
3747	0
3755	0
3756	0
3760	0
3763	0
3765	0
3766	0
3770	0
3774	0
3777	0
3778	0
3781	0
3782	0
3787	0
3792	0
3797	0
3798	1
3799	0
3800	0
3806	0
3814	0
3816	0
3817	0
3823	0
3824	0
3825	0
3826	0
3831	0
3840	0
3845	0
3852	0
3855	0
3858	0
3860	0
3862	0
3869	0
3871	0
3872	0
3874	0
3878	0
3880	0
3889	0
3896	0
3897	0
3898	0
3899	0
3900	0
3908	0
3910	0
3914	0
3915	0
3917	0
3923	0
3924	0
3928	0
3931	0
3943	0
3945	0
3956	0
3962	0
3964	0
3969	0
3978	0
3980	0
3987	0
3992	0
3996	0
3999	0
4006	0
4007	0
4008	0
4014	0
4017	0
4022	0
4023	0
4026	0
4028	0
4032	0
4042	1
4046	1
4050	1
4059	1
4062	1
4063	1
4065	1
4068	1
4069	1
4070	1
4075	1
4076	1
4078	1
4082	1
4084	1
4085	1
4092	1
4096	1
4098	1
4101	1
4109	1
4116	1
4119	1
4121	1
4125	1
4127	1
4128	1
4131	1
4132	1
4134	1
4135	1
4136	1
4137	1
4140	1
4144	1
4146	1
4150	1
4158	0
4161	1
4164	0
4167	1
4171	1
4175	1
4177	1
4178	1
4181	1
4183	1
4189	1
4192	1
4195	1
4196	1
4198	1
4201	1
4202	1
4203	1
4205	1
4206	1
4209	1
4210	1
4215	1
4220	1
4223	1
4224	1
4225	1
4229	1
4233	1
4235	1
4237	1
4238	1
4241	1
4245	1
4250	1
4251	1
4253	1
4255	1
4261	1
4264	1
4267	1
4270	1
4273	1
4277	1
4279	1
4280	1
4281	1
4282	1
4288	1
4289	1
4292	1
4294	1
4300	1
4301	1
4308	1
4310	1
4313	1
4314	1
4318	1
4319	1
4320	1
4331	1
4334	1
4337	1
4339	1
4340	1
4341	1
4344	1
4345	1
4346	1
4349	0
4355	1
4359	1
4362	1
4363	1
4365	1
4366	1
4368	1
4370	1
4373	1
4382	1
4386	1
4387	1
4389	1
4396	1
4397	1
4406	1
4409	1
4411	1
4414	1
4417	1
4418	1
4423	1
4427	1
4428	1
4431	1
4438	1
4440	1
4444	1
4448	1
4452	1
4456	1
4461	1
4465	1
4469	1
4474	1
4476	1
4478	1
4479	1
4483	1
4491	1
4492	1
4494	1
4500	1
4510	1
4513	1
4514	1
4518	1
4520	1
4523	1
4524	1
4536	1
4540	1
4544	1
4554	1
4558	1
4560	1
4564	1
4567	1
4568	1
4570	1
4575	1
4576	1
4578	1
4582	1
4586	1
4587	1
4591	1
4592	1
4594	1
4595	1
4599	1
4600	1
4601	1
4602	1
4604	1
4608	1
4616	1
4618	1
4619	1
4620	1
4623	1
4625	1
4631	1
4634	1
4640	1
4645	1
4649	1
4655	1
4661	0
4662	1
4664	1
4669	1
4670	1
4671	1
4682	1
4684	1
4685	1
4689	1
4692	1
4693	1
4695	1
4696	1
4698	1
4700	1
4703	1
4705	1
4707	1
4709	1
4711	1
4712	1
4713	1
4717	1
4724	1
4730	1
4736	1
4740	1
4741	1
4742	1
4743	1
4745	1
4752	1
4757	1
4758	1
4759	1
4762	1
4766	1
4781	1
4785	1
4788	1
4789	1
4790	1
4791	1
4794	1
4795	1
4796	1
4798	1
4799	0
4803	1
4809	1
4814	1
4815	1
4818	1
4824	1
4827	1
4828	1
4829	1
4836	1
4839	1
4844	1
4845	1
4846	1
4847	1
4854	1
4857	1
4862	1
4863	1
4866	1
4867	1
4868	1
4873	1
4884	1
4888	1
4890	1
4891	0
4895	1
4898	1
4899	1
4901	0
4903	0
4905	1
4906	1
4908	1
4914	1
4916	1
4922	1
4934	1
4941	1
4943	1
4948	1
4950	1
4955	1
4958	1
4970	1
4976	1
4977	1
4981	1
4982	1
4986	1
4988	1
4989	1
4992	1
5010	1
5011	1
5012	1
5023	1
5025	1
5028	1
5030	1
5034	1
5040	1
5045	1
5047	1
5055	1
5065	1
5069	1
5071	1
5078	1
5083	1
5086	1
5087	1
5088	1
5089	1
5091	1
5094	1
5096	1
5103	1
5105	0
5107	1
5108	1
5110	1
5117	1
5118	1
5120	1
5124	1
5125	1
5128	1
5132	1
5134	1
5136	1
5139	1
5140	1
5142	1
5144	1
5161	1
5166	1
5169	1
5171	1
5173	1
5174	1
5180	1
5182	1
5183	1
5184	1
5185	1
5187	0
5188	1
5190	1
5191	1
5196	1
5198	1
5199	1
5201	1
5202	1
5204	1
5206	1
5211	1
5221	1
5223	1
5228	1
5229	1
5236	1
5240	1
5244	1
5245	1
5247	1
5249	1
5251	1
5255	1
5256	1
5259	1
5260	1
5261	1
5262	1
5264	1
5269	1
5270	0
5274	1
5280	1
5281	1
5282	1
5290	1
5292	1
5297	1
5299	1
5304	0
5311	1
5313	1
5315	1
5321	1
5324	1
5330	1
5331	1
5332	1
5336	1
5337	1
5338	1
5344	1
5345	1
5347	1
5351	1
5352	1
5353	1
5354	1
5357	1
5360	1
5364	1
5365	1
5366	1
5369	1
5376	1
5379	1
5383	1
5384	1
5386	1
5387	1
5390	1
5391	1
5393	1
5399	1
5400	1
5406	1
5407	1
5410	1
5411	1
5413	1
5414	1
5420	1
5422	1
5430	0
5431	1
5444	1
5447	1
5451	1
5452	1
5458	1
5465	1
5466	1
5467	1
5469	1
5470	1
5472	0
5473	1
5478	1
5481	1
5482	1
5487	1
5488	1
5490	1
5494	1
5495	1
5496	1
5503	1
5506	1
5510	1
5512	1
5517	1
5518	1
5520	1
5523	1
5525	1
5528	1
5529	1
5532	1
5534	1
5537	1
5540	1
5544	1
5545	1
5551	1
5552	1
5555	1
5562	1
5564	1
5565	1
5566	1
5570	1
5574	1
5576	1
5580	1
5585	1
5592	1
5595	1
5596	1
5600	1
5603	1
5605	1
5609	1
5615	1
5622	1
5623	1
5624	1
5634	0
5635	1
5638	1
5639	1
5643	0
5655	1
5656	1
5659	1
5664	0
5672	1
5673	1
5674	1
5676	1
5678	1
5681	1
5700	1
5703	1
5707	1
5709	1
5711	1
5712	1
5713	1
5717	1
5723	1
5724	1
5729	1
5734	1
5737	1
5740	1
5742	1
5743	1
5745	1
5749	1
5753	1
5758	1
5763	1
5766	1
5768	1
5771	1
5776	1
5791	1
5796	1
5797	1
5798	1
5800	1
5807	1
5816	1
5823	1
5824	1
5827	1
5835	1
5839	1
5847	1
5848	1
5852	1
5856	1
5858	1
5859	1
5860	1
5863	1
5865	1
5866	1
5869	1
5870	1
5872	1
5877	1
5880	1
5883	1
5884	1
5887	1
5888	1
5895	1
5902	1
5906	1
5910	1
5911	1
5912	1
5917	1
5921	1
5924	1
5926	1
5933	1
5936	1
5942	1
5946	1
5947	1
5948	1
5949	1
5955	1
5957	1
5962	1
5964	1
5965	1
5966	0
5970	1
5974	1
5976	1
5982	1
5985	1
5987	1
5990	1
5994	1
5995	1
5997	1
5998	1
6004	1
6009	1
6014	1
6018	1
6025	1
6026	1
6030	1
6036	1
6037	1
6039	1
6042	1
6045	1
6052	1
6054	1
6056	1
6058	0
6060	1
6065	1
6067	1
6073	1
6075	1
6082	1
6083	1
6085	1
6087	1
6089	1
6092	1
6097	1
6100	1
6105	1
6107	1
6109	1
6111	1
6127	1
6133	1
6140	1
6141	0
6148	1
6153	1
6154	1
6155	1
6158	1
6163	1
6175	1
6176	1
6185	1
6187	1
6188	1
6189	1
6191	1
6192	1
6205	1
6206	1
6207	1
6214	1
6217	1
6221	1
6222	1
6223	1
6224	1
6227	1
6229	1
6231	1
6235	1
6240	1
6246	1
6251	1
6254	1
6255	1
6257	1
6262	1
6270	1
6271	1
6276	1
6287	1
6288	1
6294	1
6299	1
6304	1
6306	1
6309	1
6311	1
6314	1
6315	1
6318	1
6325	1
6327	1
6328	1
6334	1
6336	1
6342	1
6343	1
6344	1
6350	1
6352	1
6365	1
6367	1
6376	1
6380	1
6382	1
6383	1
6384	1
6397	1
6398	1
6400	1
6403	1
6407	1
6408	1
6409	1
6413	1
6414	1
6417	1
6419	1
6425	1
6431	1
6437	1
6438	1
6440	1
6443	1
6449	1
6459	1
6462	1
6467	1
6469	1
6473	1
6475	1
6481	1
6488	1
6489	1
6490	1
6491	1
6495	1
6496	1
6499	1
6500	1
6502	1
6504	1
6505	1
6508	1
6510	1
6513	1
6517	1
6521	1
6522	1
6523	1
6525	1
6529	1
6532	1
6542	1
6545	1
6546	1
6551	1
6552	1
6553	1
6555	1
6556	1
6561	1
6563	1
6571	1
6579	1
6582	1
6583	1
6584	1
6585	1
6589	1
6590	1
6593	1
6598	1
6602	1
6603	1
6604	1
6610	1
6613	1
6615	1
6616	1
6618	1
6619	1
6620	1
6623	1
6624	1
6625	1
6626	0
6627	1
6629	1
6631	1
6632	1
6634	1
6639	1
6645	1
6646	1
6654	1
6657	1
6658	1
6659	1
6679	1
6684	1
6686	1
6699	1
6700	1
6703	1
6704	1
6708	1
6710	1
6715	1
6717	1
6719	1
6726	1
6727	1
6729	1
6733	1
6743	1
6749	1
6750	1
6759	1
6760	1
6762	1
6765	1
6766	1
6769	1
6779	1
6781	1
6785	1
6788	1
6792	0
6793	1
6802	1
6807	1
6808	1
6810	1
6813	1
6815	1
6817	1
6818	1
6821	1
6824	1
6825	1
6828	1
6829	1
6832	1
6833	1
6834	1
6837	1
6838	1
6839	1
6842	1
6843	1
6846	1
6847	1
6850	1
6851	1
6852	1
6854	1
6860	1
6861	1
6868	1
6871	0
6872	1
6873	1
6878	1
6880	1
6881	1
6885	1
6889	1
6894	1
6898	1
6900	1
6902	1
6907	1
6911	1
6912	1
6914	1
6915	1
6925	1
6931	1
6935	1
6939	1
6940	1
6951	1
6955	1
6957	1
6965	1
6970	0
6976	1
6983	1
6986	1
6987	1
6989	1
6993	1
6994	1
6997	1
6999	1
7001	1
7003	1
7006	1
7009	1
7010	1
7011	1
7018	1
7019	1
7025	1
7026	1
7032	1
7035	1
7039	1
7043	1
7045	1
7046	1
7048	1
7056	1
7057	1
7071	1
7073	1
7082	1
7083	1
7088	1
7090	1
7091	1
7095	1
7100	1
7101	1
7109	1
7110	1
7111	1
7116	0
7119	1
7124	1
7126	1
7132	1
7136	1
7137	1
7145	1
7146	1
7148	1
7150	1
7152	1
7153	1
7154	1
7156	1
7159	1
7161	1
7165	1
7170	0
7171	1
7172	1
7177	1
7179	1
7180	1
7182	1
7185	1
7190	1
7191	1
7195	1
7197	1
7199	0
7201	1
7203	1
7204	1
7206	1
7208	1
7209	1
7210	1
7215	1
7216	1
7218	1
7219	1
7222	1
7224	1
7226	1
7229	1
7231	1
7235	1
7245	1
7246	1
7247	1
7250	1
7252	1
7258	1
7261	1
7262	1
7265	0
7267	1
7270	1
7272	1
7274	1
7275	1
7276	1
7278	1
7285	1
7288	1
7291	1
7292	1
7294	1
7297	1
7299	1
7300	1
7303	1
7307	1
7308	1
7313	1
7315	1
7317	1
7324	1
7325	1
7326	1
7333	1
7334	1
7338	1
7344	1
7346	1
7348	1
7351	1
7352	1
7355	1
7358	1
7359	1
7360	1
7373	1
7374	1
7375	1
7377	1
7384	1
7392	1
7395	1
7396	1
7411	1
7412	1
7415	1
7430	1
7431	1
7432	1
7434	1
7436	1
7438	1
7439	1
7440	1
7443	1
7459	1
7461	1
7465	1
7472	1
7482	1
7484	1
7491	1
7494	1
7497	1
7512	1
7514	1
7515	1
7517	1
7518	1
7521	1
7528	1
7530	1
7537	1
7543	1
7546	1
7550	1
7559	1
7563	1
7564	1
7566	1
7571	0
7572	1
7573	1
7576	1
7578	1
7580	1
7582	1
7584	1
7585	1
7590	1
7592	1
7593	1
7594	1
7602	1
7603	1
7606	1
7611	1
7612	1
7614	1
7617	1
7619	1
7625	1
7629	1
7633	1
7642	1
7644	1
7647	1
7657	1
7658	1
7660	1
7662	1
7665	1
7668	1
7670	1
7682	1
7683	1
7685	1
7687	1
7688	1
7695	1
7697	1
7699	1
7701	1
7702	1
7705	1
7706	1
7710	1
7711	1
7716	1
7717	1
7722	1
7723	1
7730	1
7731	1
7732	1
7736	1
7738	1
7743	1
7746	1
7752	1
7753	1
7755	1
7756	1
7758	1
7762	1
7775	1
7782	1
7784	1
7785	1
7791	1
7794	1
7801	1
7806	1
7809	1
7817	1
7819	1
7822	1
7827	1
7829	1
7836	1
7838	1
7841	1
7843	1
7844	1
7845	1
7846	1
7847	1
7848	1
7852	1
7855	1
7858	1
7863	1
7867	1
7869	1
7874	1
7876	1
7880	1
7882	1
7886	1
7887	1
7892	1
7898	1
7900	1
7902	1
7912	1
7920	1
7923	1
7925	1
7928	1
7932	1
7933	1
7934	1
7938	1
7948	1
7951	1
7962	1
7964	1
7966	1
7968	1
7971	1
7977	1
7981	1
7986	1
7987	1
8003	1
8011	1
8015	1
8023	1
8029	1
8031	1
8033	1
8035	1
8040	1
8041	0
8045	1
8048	1
8051	1
8052	1
8053	1
8058	1
8062	1
8063	1
8065	1
8068	1
8071	1
8076	1
8077	1
