51
114
128
206
223
378
509
549
734
745
813
864
871
910
1008
1016
1087
1180
1238
1274
1323
1352
1367
1376
1493
1513
1531
1545
1553
1600
1621
1651
1682
1730
1806
1841
1869
1968
1992
2025
2066
2121
2186
2202
2212
2226
2293
2344
2408
2413
2495
2677
2713
2745
2810
2815
2839
2884
3107
3112
3191
3246
3247
3259
3304
3316
3560
3612
3615
3622
3668
3721
3788
3829
3903
3918
4019
4039
4040
4041
4043
4044
4045
4047
4048
4049
4051
4052
4054
4055
4056
4057
4058
4060
4061
4064
4066
4067
4071
4072
4073
4074
4077
4079
4080
4081
4083
4086
4087
4088
4089
4090
4091
4093
4094
4095
4097
4099
4100
4102
4103
4104
4105
4106
4107
4108
4110
4111
4112
4113
4114
4115
4117
4118
4120
4122
4123
4124
4126
4129
4130
4133
4138
4139
4141
4142
4143
4145
4147
4148
4149
4151
4152
4153
4154
4155
4156
4157
4159
4160
4162
4163
4165
4166
4168
4169
4172
4173
4174
4176
4179
4180
4182
4184
4185
4186
4187
4188
4190
4191
4193
4194
4197
4199
4200
4204
4207
4208
4211
4212
4213
4214
4216
4217
4218
4219
4221
4222
4226
4227
4228
4230
4231
4232
4234
4236
4239
4240
4242
4243
4246
4247
4248
4249
4252
4254
4256
4257
4258
4259
4260
4262
4263
4265
4266
4268
4269
4271
4272
4274
4275
4276
4278
4283
4284
4285
4286
4287
4290
4295
4296
4297
4298
4299
4302
4303
4304
4305
4306
4307
4309
4311
4312
4315
4316
4317
4321
4322
4323
4324
4325
4326
4327
4328
4329
4330
4332
4333
4335
4336
4338
4342
4343
4347
4348
4350
4351
4353
4354
4356
4357
4358
4360
4361
4364
4367
4369
4371
4372
4374
4376
4377
4378
4379
4380
4381
4383
4384
4385
4388
4390
4391
4392
4393
4394
4395
4398
4399
4400
4401
4402
4403
4404
4405
4407
4408
4410
4412
4413
4415
4416
4419
4420
4421
4422
4424
4425
4426
4429
4430
4432
4433
4434
4435
4436
4437
4439
4441
4442
4443
4445
4446
4447
4449
4450
4451
4453
4454
4455
4457
4458
4459
4460
4462
4464
4466
4467
4468
4470
4471
4472
4473
4475
4477
4480
4481
4482
4484
4485
4486
4487
4488
4489
4493
4495
4496
4497
4498
4499
4501
4502
4503
4504
4505
4506
4507
4508
4509
4511
4512
4515
4516
4517
4519
4521
4522
4525
4526
4527
4528
4529
4530
4531
4532
4533
4534
4535
4537
4538
4539
4541
4542
4543
4545
4546
4547
4548
4549
4550
4551
4552
4553
4555
4556
4557
4559
4561
4562
4563
4565
4566
4569
4571
4572
4573
4574
4577
4579
4580
4581
4583
4585
4588
4589
4590
4593
4596
4597
4598
4603
4605
4606
4607
4609
4610
4611
4612
4613
4614
4615
4617
4621
4622
4624
4626
4627
4628
4629
4630
4632
4633
4635
4636
4637
4638
4639
4641
4642
4643
4644
4646
4647
4648
4650
4651
4652
4653
4654
4656
4658
4659
4660
4663
4665
4666
4667
4668
4672
4673
4674
4675
4676
4677
4678
4679
4681
4683
4686
4687
4688
4690
4691
4697
4699
4702
4704
4706
4708
4710
4714
4715
4716
4718
4719
4720
4721
4722
4723
4725
4726
4727
4728
4729
4731
4732
4733
4734
4735
4737
4738
4739
4744
4746
4747
4748
4749
4750
4751
4753
4754
4755
4756
4760
4761
4763
4764
4765
4767
4768
4769
4770
4771
4772
4773
4774
4775
4776
4777
4778
4779
4780
4782
4783
4784
4786
4787
4792
4793
4797
4800
4801
4802
4804
4805
4806
4807
4808
4810
4811
4812
4813
4816
4817
4819
4820
4821
4822
4823
4825
4826
4830
4831
4832
4833
4834
4835
4837
4838
4840
4841
4842
4843
4848
4849
4850
4851
4852
4853
4855
4856
4858
4859
4860
4861
4864
4865
4869
4870
4871
4872
4875
4876
4877
4878
4879
4880
4881
4882
4883
4885
4886
4887
4889
4892
4893
4894
4896
4897
4900
4902
4904
4907
4909
4910
4911
4913
4915
4917
4918
4919
4920
4921
4923
4924
4925
4926
4927
4928
4929
4930
4931
4932
4933
4935
4937
4938
4939
4940
4942
4944
4945
4946
4947
4949
4951
4952
4954
4956
4957
4959
4960
4961
4962
4963
4964
4965
4966
4967
4968
4969
4971
4972
4973
4974
4975
4978
4979
4980
4983
4984
4985
4987
4990
4991
4993
4994
4995
4996
4997
4998
4999
5000
5001
5002
5003
5004
5005
5006
5007
5008
5009
5013
5014
5015
5016
5017
5018
5019
5020
5022
5024
5026
5027
5029
5031
5032
5033
5035
5036
5037
5038
5039
5041
5042
5043
5044
5046
5048
5049
5050
5051
5052
5053
5054
5056
5057
5059
5060
5061
5062
5063
5064
5067
5068
5070
5072
5073
5074
5075
5077
5079
5080
5081
5082
5084
5085
5090
5092
5093
5095
5097
5098
5099
5100
5101
5102
5104
5106
5109
5111
5112
5113
5114
5115
5116
5119
5121
5122
5123
5126
5127
5129
5130
5131
5133
5135
5137
5138
5141
5143
5145
5146
5147
5148
5149
5150
5151
5152
5153
5154
5155
5156
5157
5158
5159
5160
5162
5163
5164
5165
5167
5168
5170
5172
5175
5176
5177
5178
5179
5181
5186
5193
5194
5195
5197
5200
5203
5205
5207
5208
5209
5210
5212
5213
5214
5215
5216
5217
5218
5219
5220
5222
5224
5225
5226
5227
5230
5231
5232
5233
5234
5235
5237
5238
5241
5242
5243
5246
5248
5250
5252
5253
5254
5257
5258
5263
5265
5266
5267
5268
5271
5272
5273
5275
5276
5277
5278
5279
5283
5284
5285
5286
5288
5289
5291
5293
5294
5295
5296
5298
5300
5301
5302
5303
5305
5306
5307
5308
5309
5310
5312
5314
5317
5318
5319
5320
5322
5323
5325
5326
5327
5328
5329
5333
5334
5335
5339
5341
5342
5343
5346
5348
5349
5350
5355
5356
5358
5359
5361
5362
5363
5367
5368
5370
5371
5372
5373
5374
5375
5377
5378
5380
5381
5382
5385
5388
5389
5392
5394
5395
5396
5397
5398
5401
5402
5403
5404
5405
5408
5409
5415
5416
5417
5418
5419
5421
5423
5424
5425
5426
5427
5428
5429
5434
5435
5436
5437
5438
5439
5440
5441
5442
5443
5445
5446
5448
5449
5450
5453
5454
5455
5456
5457
5459
5461
5463
5464
5468
5471
5474
5475
5477
5479
5480
5483
5484
5485
5486
5489
5492
5493
5497
5498
5499
5500
5501
5502
5504
5505
5507
5508
5509
5511
5513
5514
5515
5516
5519
5521
5522
5524
5526
5527
5530
5531
5533
5535
5538
5539
5541
5542
5543
5546
5547
5548
5549
5550
5553
5554
5556
5557
5558
5559
5560
5561
5563
5567
5568
5569
5571
5572
5573
5575
5577
5578
5579
5581
5582
5583
5584
5586
5587
5588
5589
5590
5591
5594
5597
5598
5599
5601
5602
5604
5606
5607
5608
5610
5611
5612
5613
5614
5616
5617
5618
5619
5620
5621
5625
5626
5628
5629
5630
5631
5632
5636
5637
5640
5641
5642
5644
5645
5646
5647
5648
5650
5651
5652
5653
5654
5657
5661
5662
5663
5665
5666
5667
5668
5669
5670
5671
5675
5677
5679
5680
5682
5683
5684
5685
5686
5687
5688
5689
5690
5691
5692
5693
5694
5695
5696
5697
5698
5699
5701
5702
5704
5705
5706
5708
5710
5714
5715
5716
5718
5719
5720
5721
5722
5725
5726
5727
5728
5730
5731
5732
5733
5735
5736
5738
5739
5741
5744
5746
5747
5748
5750
5751
5752
5754
5755
5756
5757
5759
5760
5761
5764
5765
5767
5769
5772
5773
5774
5775
5777
5778
5779
5780
5781
5782
5783
5784
5785
5786
5787
5788
5789
5790
5792
5793
5794
5795
5799
5801
5802
5803
5804
5806
5808
5809
5810
5811
5812
5813
5815
5817
5818
5819
5820
5821
5822
5825
5826
5828
5829
5830
5831
5832
5833
5834
5836
5837
5838
5840
5841
5842
5843
5844
5845
5846
5849
5850
5851
5853
5854
5855
5857
5861
5862
5864
5867
5868
5871
5873
5874
5875
5876
5878
5879
5882
5885
5886
5889
5890
5891
5892
5893
5894
5896
5897
5898
5899
5900
5901
5903
5904
5905
5907
5908
5909
5913
5914
5915
5916
5918
5919
5920
5922
5923
5925
5927
5928
5929
5930
5931
5932
5934
5935
5937
5938
5939
5940
5941
5943
5944
5945
5950
5952
5954
5956
5958
5959
5960
5961
5963
5967
5968
5969
5971
5975
5977
5978
5979
5980
5981
5983
5984
5986
5988
5989
5991
5992
5993
5996
5999
6000
6001
6003
6005
6006
6007
6008
6010
6011
6012
6013
6015
6016
6017
6019
6020
6021
6022
6023
6024
6027
6028
6029
6031
6032
6033
6034
6035
6038
6040
6041
6043
6044
6046
6047
6048
6049
6050
6051
6053
6055
6057
6059
6061
6062
6063
6064
6066
6068
6069
6070
6071
6072
6074
6076
6078
6079
6080
6081
6084
6086
6088
6090
6091
6093
6094
6095
6096
6098
6099
6101
6102
6103
6104
6106
6108
6110
6112
6113
6114
6115
6116
6117
6118
6119
6120
6121
6122
6123
6124
6125
6126
6128
6129
6130
6131
6132
6134
6135
6136
6137
6138
6139
6142
6143
6144
6145
6146
6147
6149
6150
6151
6152
6156
6157
6159
6160
6161
6162
6164
6165
6166
6167
6168
6169
6170
6171
6172
6174
6177
6178
6179
6180
6181
6182
6183
6184
6186
6190
6193
6194
6195
6197
6198
6199
6200
6201
6202
6203
6204
6208
6209
6210
6211
6212
6213
6215
6216
6218
6219
6220
6225
6226
6228
6230
6232
6234
6236
6237
6238
6239
6241
6242
6243
6244
6245
6247
6248
6249
6250
6252
6253
6256
6258
6259
6260
6263
6264
6265
6266
6267
6268
6269
6272
6273
6274
6275
6277
6278
6279
6280
6281
6282
6283
6284
6285
6286
6289
6290
6291
6292
6293
6295
6296
6297
6298
6300
6301
6302
6303
6305
6307
6308
6310
6312
6313
6316
6317
6319
6320
6321
6322
6323
6324
6326
6329
6330
6331
6332
6333
6335
6337
6338
6340
6341
6345
6346
6347
6348
6349
6351
6353
6354
6355
6356
6357
6358
6359
6360
6361
6362
6363
6364
6366
6368
6369
6370
6371
6372
6373
6374
6375
6377
6378
6379
6381
6385
6386
6387
6388
6389
6390
6392
6393
6394
6395
6396
6399
6401
6402
6404
6405
6406
6410
6411
6412
6415
6416
6418
6420
6421
6422
6423
6424
6426
6427
6428
6429
6430
6432
6433
6434
6435
6436
6439
6441
6442
6444
6445
6446
6447
6448
6450
6451
6452
6453
6454
6455
6456
6457
6458
6460
6461
6463
6464
6465
6466
6468
6470
6471
6472
6474
6476
6477
6478
6479
6480
6482
6483
6484
6485
6486
6487
6492
6493
6494
6497
6498
6501
6503
6506
6507
6509
6511
6512
6514
6515
6518
6519
6520
6524
6526
6527
6528
6530
6531
6533
6534
6535
6536
6537
6538
6539
6540
6541
6543
6544
6547
6548
6549
6550
6554
6557
6558
6559
6560
6562
6564
6565
6566
6567
6568
6569
6570
6572
6573
6574
6575
6576
6577
6578
6580
6581
6586
6587
6588
6592
6594
6595
6596
6597
6599
6600
6601
6605
6606
6607
6608
6611
6612
6614
6617
6621
6622
6628
6630
6633
6636
6637
6638
6640
6641
6642
6643
6644
6647
6648
6649
6650
6651
6652
6653
6655
6656
6660
6661
6662
6663
6664
6665
6666
6667
6668
6669
6670
6671
6672
6673
6674
6675
6676
6677
6678
6680
6681
6682
6683
6685
6687
6688
6689
6690
6691
6692
6693
6694
6695
6696
6697
6698
6701
6705
6706
6707
6709
6711
6712
6713
6714
6716
6718
6720
6721
6722
6723
6724
6725
6728
6730
6731
6732
6734
6735
6736
6737
6738
6739
6740
6741
6742
6744
6745
6746
6747
6748
6751
6752
6753
6754
6755
6756
6757
6758
6761
6763
6764
6767
6768
6770
6771
6772
6773
6774
6775
6776
6777
6778
6780
6782
6783
6784
6786
6787
6789
6790
6791
6794
6795
6796
6797
6798
6799
6800
6801
6803
6804
6805
6806
6809
6811
6812
6814
6816
6819
6820
6822
6823
6826
6827
6830
6831
6835
6836
6840
6841
6844
6845
6848
6849
6853
6855
6856
6857
6858
6859
6862
6863
6864
6865
6866
6867
6869
6870
6874
6875
6876
6877
6879
6882
6883
6884
6886
6887
6888
6890
6891
6892
6893
6895
6896
6897
6899
6901
6903
6904
6905
6906
6908
6909
6910
6913
6916
6917
6918
6919
6921
6922
6923
6924
6926
6927
6928
6929
6930
6932
6933
6934
6936
6937
6938
6941
6942
6943
6945
6946
6947
6948
6949
6950
6952
6953
6954
6956
6958
6959
6960
6961
6962
6963
6964
6966
6967
6968
6969
6971
6972
6973
6974
6975
6977
6979
6980
6981
6982
6984
6985
6988
6990
6991
6992
6995
6996
6998
7000
7002
7004
7005
7007
7008
7012
7013
7014
7015
7016
7017
7020
7021
7022
7023
7024
7027
7028
7029
7030
7031
7033
7034
7036
7037
7038
7040
7041
7042
7044
7047
7049
7050
7051
7052
7053
7054
7055
7058
7059
7060
7061
7062
7063
7064
7065
7066
7068
7069
7070
7072
7074
7075
7076
7077
7078
7079
7080
7081
7084
7086
7087
7089
7092
7093
7094
7096
7097
7098
7099
7102
7103
7104
7105
7106
7107
7108
7112
7113
7114
7117
7118
7120
7121
7122
7123
7125
7127
7128
7129
7130
7131
7133
7134
7135
7138
7139
7140
7141
7142
7143
7144
7147
7149
7151
7155
7157
7158
7160
7162
7163
7164
7166
7167
7168
7169
7173
7174
7175
7176
7178
7181
7183
7184
7186
7187
7188
7189
7192
7193
7194
7196
7198
7200
7202
7205
7207
7211
7212
7213
7214
7217
7220
7221
7223
7225
7227
7228
7230
7232
7233
7234
7236
7237
7238
7239
7241
7242
7244
7248
7249
7251
7253
7254
7255
7256
7257
7259
7260
7263
7264
7266
7268
7269
7271
7273
7277
7279
7280
7281
7282
7283
7284
7286
7289
7290
7293
7295
7296
7298
7301
7302
7304
7305
7306
7309
7310
7311
7312
7314
7316
7318
7319
7321
7322
7323
7327
7328
7329
7330
7331
7332
7335
7337
7339
7340
7341
7342
7343
7347
7349
7350
7353
7354
7356
7357
7361
7362
7363
7364
7365
7366
7367
7368
7369
7370
7371
7372
7376
7378
7379
7380
7381
7382
7383
7385
7386
7387
7388
7389
7390
7391
7393
7394
7398
7399
7400
7401
7402
7403
7404
7405
7406
7407
7408
7409
7410
7413
7414
7416
7417
7418
7419
7420
7421
7422
7423
7424
7425
7426
7427
7428
7429
7433
7435
7437
7441
7442
7444
7445
7446
7447
7448
7449
7450
7451
7452
7453
7454
7455
7456
7457
7458
7460
7462
7463
7464
7467
7468
7469
7470
7473
7474
7475
7476
7477
7479
7480
7481
7483
7485
7486
7487
7488
7489
7490
7492
7493
7495
7496
7498
7499
7500
7501
7502
7503
7504
7505
7506
7507
7508
7509
7510
7511
7513
7516
7519
7520
7522
7523
7524
7525
7526
7527
7529
7531
7532
7533
7534
7535
7536
7538
7539
7540
7541
7542
7544
7545
7547
7548
7549
7551
7552
7553
7555
7556
7557
7558
7560
7561
7562
7565
7567
7568
7569
7570
7574
7575
7577
7579
7581
7583
7586
7587
7588
7589
7591
7595
7596
7597
7598
7599
7600
7601
7604
7605
7607
7608
7609
7610
7613
7615
7616
7618
7620
7621
7622
7623
7624
7626
7627
7628
7630
7631
7632
7634
7635
7636
7637
7638
7639
7640
7641
7643
7645
7646
7648
7649
7652
7653
7654
7655
7656
7659
7661
7663
7664
7666
7667
7669
7672
7673
7674
7675
7676
7677
7678
7679
7680
7681
7684
7686
7689
7690
7691
7692
7693
7694
7696
7698
7700
7704
7707
7708
7709
7712
7713
7714
7715
7718
7719
7720
7721
7724
7725
7726
7727
7728
7729
7733
7734
7735
7737
7739
7740
7741
7742
7744
7745
7747
7749
7750
7751
7754
7757
7760
7761
7763
7764
7765
7766
7767
7768
7769
7770
7771
7772
7773
7774
7776
7777
7778
7779
7780
7781
7783
7786
7787
7788
7789
7790
7792
7793
7795
7796
7798
7799
7800
7802
7803
7804
7805
7807
7808
7810
7811
7812
7813
7814
7815
7816
7818
7820
7821
7823
7824
7825
7826
7828
7830
7831
7833
7834
7835
7837
7839
7840
7842
7849
7850
7851
7853
7854
7856
7857
7859
7860
7861
7862
7864
7865
7866
7868
7870
7871
7872
7873
7875
7877
7878
7879
7881
7883
7884
7885
7888
7889
7890
7891
7893
7894
7895
7896
7897
7899
7901
7903
7904
7906
7907
7908
7909
7910
7911
7913
7914
7915
7916
7917
7918
7919
7921
7922
7924
7926
7927
7929
7930
7931
7935
7936
7937
7939
7940
7941
7942
7943
7944
7945
7946
7947
7949
7950
7952
7953
7954
7955
7956
7957
7958
7959
7960
7961
7963
7965
7967
7969
7970
7972
7973
7974
7975
7976
7978
7979
7980
7982
7983
7984
7985
7988
7989
7990
7991
7992
7993
7994
7995
7996
7997
7998
7999
8000
8001
8002
8004
8005
8006
8007
8008
8009
8010
8012
8013
8014
8016
8018
8019
8020
8021
8022
8024
8025
8026
8027
8028
8030
8032
8034
8036
8037
8038
8039
8042
8043
8044
8046
8047
8049
8050
8054
8055
8056
8059
8060
8061
8064
8066
8067
8069
8070
8072
8073
8074
8075
