1
2
4
6
9
11
12
15
17
18
21
27
28
34
35
36
39
41
42
44
48
49
51
54
58
61
62
64
67
71
72
73
74
76
78
79
80
82
85
86
88
89
93
94
95
100
101
102
104
106
110
111
112
114
116
117
119
120
121
124
125
126
127
129
130
133
134
137
138
141
143
144
145
147
148
149
150
151
154
155
156
157
162
164
166
167
168
169
170
171
174
175
176
177
178
180
181
184
187
189
191
192
193
194
198
199
201
203
204
205
206
207
208
210
211
213
216
217
218
219
225
228
229
230
232
234
239
240
241
244
245
246
248
249
251
252
254
255
257
259
260
261
263
264
267
269
270
271
275
279
281
282
284
285
286
287
288
289
291
293
295
299
300
302
310
311
313
314
315
316
317
319
321
323
324
325
326
327
329
330
331
334
336
337
340
341
342
345
347
348
349
350
351
355
356
359
361
362
370
372
375
378
379
382
383
385
386
387
391
395
396
397
398
399
400
401
403
404
405
407
411
412
414
415
417
418
419
420
422
425
426
427
430
431
432
433
436
439
443
444
445
446
447
448
449
456
457
458
461
462
463
464
465
466
467
469
471
472
477
478
479
481
483
484
488
492
494
495
497
500
503
504
505
507
508
511
514
515
518
519
523
524
526
527
529
530
531
532
534
535
536
538
544
545
547
548
550
551
554
556
557
558
559
561
564
565
567
570
572
573
576
577
578
579
582
583
584
589
590
592
593
594
598
599
602
605
608
610
611
612
613
615
617
620
629
632
633
639
641
642
643
646
647
648
649
650
651
652
653
654
655
656
657
660
663
665
667
668
669
671
672
675
676
677
682
685
687
689
690
691
695
696
698
700
701
703
705
706
708
709
710
711
712
715
717
718
720
722
723
724
725
727
728
731
734
735
736
737
740
742
745
746
747
749
751
757
762
763
765
766
768
774
775
781
782
788
789
791
792
793
796
797
798
800
801
802
803
804
805
806
807
809
810
811
813
814
816
818
819
823
825
829
832
833
834
836
837
838
840
841
843
844
845
848
849
850
851
852
854
856
857
859
861
862
863
864
865
869
870
871
872
873
876
877
879
881
882
883
884
885
886
888
890
891
892
895
899
901
902
904
905
906
907
908
909
910
911
912
913
917
918
919
920
922
923
924
925
927
931
934
937
938
939
940
942
943
944
945
946
953
954
955
957
959
961
962
964
965
969
970
971
972
974
976
977
978
981
983
984
987
988
993
994
997
998
1002
1003
1006
1007
1008
1010
1011
1012
1013
1014
1015
1016
1017
1018
1019
1021
1023
1025
1029
1036
1039
1040
1042
1043
1046
1047
1048
1049
1053
1062
1063
1064
1065
1067
1068
1069
1071
1072
1075
1077
1078
1080
1083
1087
1088
1089
1093
1095
1096
1101
1102
1103
1104
1106
1107
1109
1111
1112
1114
1116
1117
1118
1119
1120
1127
1128
1129
1132
1133
1134
1135
1136
1138
1139
1140
1141
1142
1143
1146
1150
1153
1154
1155
1156
1157
1158
1159
1160
1161
1162
1163
1165
1166
1172
1175
1177
1178
1179
1183
1185
1186
1187
1188
1189
1191
1192
1195
1197
1198
1200
1202
1206
1207
1208
1209
1211
1212
1213
1215
1217
1219
1221
1226
1228
1229
1231
1232
1233
1236
1239
1240
1241
1244
1245
1246
1247
1249
1250
1252
1254
1255
1256
1257
1258
1259
1261
1262
1264
1266
1268
1269
1270
1271
1272
1273
1275
1278
1279
1280
1281
1283
1285
1288
1289
1291
1292
1293
1298
1299
1300
1301
1305
1309
1311
1314
1319
1320
1321
1323
1326
1329
1330
1332
1333
1334
1335
1338
1340
1342
1344
1345
1350
1351
1352
1354
1355
1356
1359
1362
1363
1369
1371
1373
1375
1377
1380
1381
1384
1386
1387
1389
1391
1392
1394
1396
1397
1398
1400
1403
1405
1411
1413
1414
1418
1419
1420
1421
1422
1423
1425
1426
1427
1428
1429
1430
1432
1433
1434
1435
1438
1441
1442
1443
1445
1446
1447
1450
1451
1453
1454
1458
1459
1461
1462
1464
1469
1474
1478
1483
1484
1486
1487
1488
1490
1494
1502
1503
1507
1508
1509
1512
1515
1516
1517
1518
1519
1523
1526
1528
1531
1534
1535
1536
1537
1540
1541
1542
1545
1546
1548
1549
1553
1556
1557
1559
1561
1564
1570
1571
1572
1573
1575
1576
1577
1579
1581
1584
1585
1587
1589
1592
1594
1595
1596
1597
1598
1599
1600
1603
1604
1605
1606
1607
1612
1613
1614
1615
1618
1619
1621
1623
1624
1625
1628
1629
1631
1635
1636
1637
1638
1639
1641
1642
1644
1647
1649
1650
1651
1652
1653
1655
1657
1663
1664
1665
1666
1668
1669
1670
1674
1676
1677
1678
1679
1680
1681
1682
1683
1684
1685
1686
1688
1689
1690
1692
1693
1695
1698
1699
1700
1704
1706
1708
1712
1714
1715
1718
1720
1724
1726
1728
1730
1731
1739
1740
1741
1742
1743
1744
1745
1746
1749
1752
1753
1754
1756
1758
1759
1760
1761
1762
1763
1765
1766
1767
1769
1771
1773
1774
1776
1777
1778
1779
1780
1781
1782
1783
1786
1787
1788
1789
1792
1794
1801
1803
1804
1805
1806
1807
1808
1810
1812
1815
1816
1818
1820
1821
1822
1823
1824
1831
1833
1834
1836
1837
1838
1839
1841
1842
1843
1846
1847
1848
1849
1850
1853
1854
1855
1856
1857
1858
1859
1860
1862
1863
1864
1865
1866
1868
1869
1871
1872
1877
1879
1881
1882
1884
1887
1888
1890
1891
1892
1895
1896
1898
1900
1902
1908
1909
1910
1912
1915
1916
1918
1920
1921
1922
1923
1925
1926
1928
1930
1931
1933
1937
1938
1939
1940
1942
1943
1947
1951
1952
1953
1955
1956
1958
1960
1962
1963
1965
1966
1967
1971
1974
1976
1978
1980
1981
1984
1985
1986
1989
1991
1992
1997
1999
2000
2006
2008
2009
2012
2015
2018
2019
2020
2023
2024
2027
2029
2030
2032
2034
2035
2042
2044
2045
2046
2047
2049
2050
2051
2052
2054
2055
2059
2062
2063
2064
2065
2066
2070
2071
2075
2077
2078
2080
2082
2083
2088
2090
2091
2092
2094
2095
2097
2098
2099
2104
2107
2108
2109
2111
2112
2114
2116
2119
2120
2121
2123
2124
2125
2126
2127
2128
2130
2133
2134
2135
2137
2138
2139
2140
2141
2142
2143
2144
2146
2150
2151
2152
2157
2159
2160
2162
2165
2166
2167
2171
2173
2176
2177
2178
2180
2181
2182
2183
2184
2185
2186
2187
2188
2189
2193
2196
2198
2199
2201
2202
2214
2215
2217
2218
2223
2225
2226
2230
2231
2235
2237
2238
2239
2240
2241
2242
2243
2248
2250
2253
2254
2255
2256
2257
2259
2260
2261
2262
2263
2264
2265
2268
2269
2273
2274
2275
2276
2277
2281
2284
2286
2288
2289
2291
2292
2293
2294
2296
2297
2299
2301
2304
2305
2310
2311
2316
2317
2320
2322
2324
2326
2328
2331
2332
2334
2336
2337
2338
2343
2345
2346
2347
2349
2350
2351
2352
2354
2355
2356
2357
2358
2360
2364
2365
2366
2368
2373
2374
2376
2380
2383
2386
2387
2388
2389
2390
2392
2393
2394
2395
2397
2398
2399
2402
2403
2405
2406
2408
2409
2412
2413
2414
2417
2418
2419
2421
2422
2423
2424
2425
2428
2431
2435
2436
2437
2439
2441
2444
2445
2446
2448
2449
2450
2453
2454
2457
2458
2460
2463
2465
2466
2467
2472
2475
2476
2477
2478
2479
2482
2483
2486
2487
2488
2490
2492
2493
2498
2499
2501
2506
2507
2508
2510
2513
2516
2520
2521
2522
2523
2526
2527
2529
2531
2532
2534
2535
2536
2537
2538
2540
2541
2543
2545
2546
2547
2549
2550
2552
2553
2555
2556
2557
2558
2561
2562
2564
2567
2568
2569
2570
2573
2574
2575
2576
2578
2583
2584
2585
2586
2587
2591
2593
2595
2598
2600
2602
2605
2606
2607
2608
2615
2616
2618
2620
2621
2622
2623
2625
2626
2630
2631
2634
2635
2636
2637
2639
2640
2641
2642
2643
2644
2645
2646
2647
2650
2651
2654
2655
2657
2658
2659
2663
2665
2668
2670
2671
2673
2674
2675
2677
2678
2679
2680
2683
2686
2687
2688
2690
2692
2693
2695
2698
2699
2701
2706
2711
2714
2716
2717
2718
2720
2723
2728
2730
2732
2734
2735
2736
2739
2743
2744
2745
2746
2747
2748
2750
2751
2752
2753
2754
2756
2761
2762
2764
2767
2768
2769
2770
2771
2776
2777
2778
2779
2781
2783
2786
2788
2790
2791
2792
2795
2796
2797
2798
2799
2802
2803
2804
2806
2807
2811
2814
2817
2819
2820
2822
2824
2825
2826
2830
2831
2832
2833
2834
2835
2838
2839
2841
2843
2844
2846
2847
2849
2850
2852
2854
2856
2857
2859
2860
2861
2863
2865
2866
2867
2868
2870
2872
2873
2875
2876
2880
2881
2882
2883
2888
2889
2890
2891
2896
2897
2898
2899
2902
2903
2906
2908
2909
2910
2911
2912
2913
2914
2915
2916
2917
2920
2922
2923
2924
2931
2932
2933
2934
2940
2942
2944
2946
2950
2952
2954
2955
2956
2957
2958
2959
2960
2961
2964
2966
2969
2971
2972
2976
2985
2987
2994
2995
2996
2997
2998
3000
3002
3004
3005
3006
3007
3008
3012
3013
3014
3015
3017
3018
3020
3021
3022
3024
3026
3028
3029
3030
3031
3032
3033
3035
3037
3039
3045
3049
3052
3055
3056
3057
3058
3059
3062
3063
3069
3070
3074
3075
3076
3079
3081
3082
3083
3084
3085
3086
3089
3090
3091
3092
3093
3094
3095
3096
3098
3100
3102
3104
3105
3106
3108
3109
3116
3118
3119
3120
3121
3122
3123
3125
3127
3128
3129
3131
3133
3135
3136
3139
3140
3143
3144
3149
3150
3153
3155
3156
3158
3159
3161
3162
3163
3164
3169
3170
3172
3177
3179
3180
3181
3183
3184
3186
3188
3189
3191
3192
3194
3195
3197
3198
3199
3200
3204
3207
3210
3211
3212
3213
3214
3216
3217
3220
3221
3222
3223
3224
3226
3227
3228
3229
3230
3234
3237
3239
3240
3242
3245
3246
3248
3249
3250
3251
3253
3255
3257
3259
3263
3266
3267
3268
3269
3271
3275
3277
3278
3280
3282
3283
3284
3285
3286
3287
3289
3290
3291
3292
3293
3294
3295
3297
3298
3300
3301
3303
3304
3309
3311
3314
3315
3316
3317
3319
3320
3323
3326
3327
3329
3330
3334
3336
3337
3342
3345
3346
3347
3348
3350
3351
3352
3355
3356
3358
3359
3361
3362
3364
3365
3368
3369
3370
3372
3373
3374
3377
3379
3381
3384
3388
3389
3390
3393
3395
3396
3400
3401
3402
3408
3409
3410
3411
3412
3413
3414
3417
3418
3419
3426
3429
3430
3431
3434
3435
3436
3438
3439
3440
3441
3442
3446
3448
3449
3450
3453
3455
3456
3457
3458
3459
3461
3462
3463
3464
3465
3466
3467
3468
3469
3470
3471
3472
3473
3475
3476
3477
3478
3479
3480
3481
3483
3484
3485
3486
3487
3488
3490
3491
3496
3497
3498
3502
3504
3506
3509
3513
3514
3520
3522
3523
3525
3526
3528
3529
3530
3533
3534
3536
3537
3539
3541
3544
3546
3547
3548
3549
3550
3553
3555
3557
3558
3559
3561
3562
3565
3566
3567
3568
3569
3571
3572
3573
3577
3578
3579
3583
3585
3590
3591
3592
3594
3595
3596
3597
3598
3599
3603
3604
3605
3608
3609
3610
3611
3614
3615
3618
3619
3620
3621
3623
3624
3625
3627
3628
3629
3632
3634
3635
3637
3640
3641
3642
3644
3645
3647
3649
3652
3653
3655
3657
3658
3659
3660
3662
3663
3664
3665
3666
3668
3669
3670
3672
3674
3676
3677
3680
3681
3682
3688
3689
3692
3693
3695
3696
3698
3699
3700
3702
3703
3704
3708
3709
3711
3713
3714
3715
3716
3717
3720
3722
3726
3728
3729
3735
3738
3739
3740
3741
3742
3743
3744
3746
3747
3748
3749
3750
3751
3755
3761
3762
3765
3767
3769
3770
3771
3772
3773
3779
3786
3787
3788
3789
3793
3796
3799
3802
3806
3809
3810
3814
3815
3818
3822
3823
3824
3825
3827
3828
3829
3830
3831
3832
3833
3834
3835
3836
3837
3838
3839
3840
3841
3842
3849
3851
3852
3853
3855
3856
3857
3860
3861
3864
3867
3869
3870
3871
3872
3874
3876
3879
3880
3881
3883
3884
3886
3888
3890
3891
3893
3899
3900
3901
3902
3903
3905
3908
3910
3912
3913
3916
3917
3918
3919
3920
3922
3923
3924
3927
3929
3930
3933
3935
3939
3943
3945
3946
3947
3948
3949
3950
3951
3952
3953
3956
3957
3959
3962
3963
3965
3972
3974
3976
3978
3980
3981
3983
3984
3986
3987
3988
3991
3995
3998
3999
4001
4003
4004
4005
4006
4008
4009
4012
4017
4021
4023
4024
4025
4028
4029
4031
4032
4034
4035
4037
4038
4039
4041
4042
4048
4067
4079
4086
4088
4089
4095
4096
4098
4100
4109
4115
4120
4123
4140
4149
4152
4157
4158
4165
4170
4178
4194
4197
4207
4223
4226
4232
4245
4247
4248
4251
4257
4263
4283
4285
4291
4294
4308
4316
4317
4320
4322
4331
4340
4341
4344
4350
4354
4363
4369
4371
4377
4387
4388
4394
4409
4411
4414
4415
4422
4426
4427
4441
4444
4446
4450
4453
4456
4460
4461
4470
4477
4485
4489
4498
4505
4526
4527
4535
4539
4550
4554
4557
4560
4571
4602
4604
4605
4626
4634
4640
4642
4656
4657
4664
4672
4676
4691
4692
4694
4698
4702
4708
4715
4724
4734
4735
4739
4743
4745
4748
4761
4762
4769
4787
4802
4805
4806
4811
4813
4820
4821
4827
4834
4846
4853
4862
4871
4873
4874
4896
4898
4909
4916
4922
4929
4947
4954
4960
4967
4975
4984
5000
5005
5020
5024
5041
5050
5053
5057
5069
5091
5093
5101
5122
5126
5139
5161
5177
5182
5187
5192
5198
5200
5205
5206
5210
5219
5226
5230
5236
5238
5243
5252
5256
5264
5265
5276
5280
5287
5289
5298
5301
5302
5304
5311
5314
5346
5351
5362
5363
5367
5382
5408
5409
5412
5413
5418
5420
5427
5436
5438
5444
5453
5454
5462
5466
5470
5478
5479
5483
5497
5501
5504
5506
5511
5512
5540
5550
5558
5582
5586
5608
5617
5626
5627
5631
5661
5663
5673
5686
5694
5698
5702
5706
5715
5721
5733
5737
5740
5747
5755
5760
5762
5767
5783
5801
5806
5813
5825
5847
5855
5862
5872
5874
5878
5879
5882
5887
5903
5905
5906
5908
5912
5927
5936
5937
5953
5959
5960
5968
5969
5975
5977
5985
5987
5991
5994
5999
6001
6021
6026
6032
6056
6057
6058
6060
6061
6066
6067
6068
6073
6074
6077
6080
6082
6085
6090
6091
6099
6125
6126
6129
6131
6133
6135
6140
6144
6150
6160
6179
6198
6210
6216
6226
6230
6235
6237
6238
6252
6263
6264
6273
6275
6276
6295
6314
6320
6322
6326
6329
6333
6339
6340
6343
6355
6357
6374
6399
6400
6401
6403
6414
6417
6429
6445
6446
6453
6461
6476
6504
6509
6515
6519
6520
6527
6530
6534
6553
6561
6562
6563
6564
6579
6586
6587
6604
6606
6607
6615
6618
6631
6643
6647
6648
6662
6670
6671
6686
6687
6689
6698
6699
6715
6736
6738
6764
6767
6773
6780
6783
6797
6802
6803
6804
6806
6810
6820
6822
6828
6835
6844
6846
6850
6856
6861
6871
6880
6892
6910
6911
6920
6928
6934
6951
6961
6964
6971
6972
6979
6988
7022
7024
7029
7030
7032
7073
7083
7087
7092
7102
7119
7120
7127
7138
7141
7143
7144
7149
7165
7168
7169
7170
7172
7185
7198
7203
7210
7223
7226
7234
7235
7238
7241
7242
7247
7257
7258
7264
7266
7274
7277
7283
7284
7288
7306
7311
7320
7325
7334
7342
7347
7353
7364
7366
7374
7380
7388
7389
7397
7404
7412
7413
7417
7418
7421
7426
7430
7437
7451
7454
7455
7457
7460
7462
7471
7472
7478
7481
7491
7497
7510
7521
7532
7538
7540
7548
7550
7567
7570
7575
7576
7577
7579
7591
7594
7596
7597
7609
7618
7619
7624
7625
7627
7630
7634
7667
7668
7689
7694
7698
7731
7734
7735
7738
7743
7767
7769
7771
7772
7780
7790
7801
7803
7804
7805
7808
7810
7811
7815
7827
7829
7833
7845
7858
7862
7871
7882
7888
7893
7895
7902
7909
7915
7918
7930
7941
7968
7970
7989
7991
7993
8000
8001
8029
8048
8058
8061
8065
8067
8074
