8
24
30
106
115
146
151
154
159
164
168
170
195
235
247
282
287
298
305
316
337
377
383
407
449
458
525
553
558
569
577
578
580
585
623
640
669
674
678
690
694
718
723
724
753
758
778
799
836
839
848
849
850
860
864
873
880
883
894
898
935
942
948
975
1012
1015
1041
1044
1050
1082
1098
1114
1160
1168
1171
1175
1227
1244
1245
1246
1249
1265
1285
1292
1349
1361
1373
1376
1378
1390
1394
1404
1456
1466
1484
1513
1526
1550
1552
1555
1561
1640
1654
1661
1672
1703
1717
1718
1733
1735
1739
1791
1796
1805
1818
1824
1841
1869
1875
1876
1892
1895
1916
1938
1949
1960
2041
2055
2071
2080
2081
2093
2114
2117
2128
2132
2148
2149
2176
2183
2190
2216
2269
2274
2275
2299
2321
2323
2330
2333
2369
2390
2393
2401
2429
2431
2465
2469
2474
2493
2503
2537
2555
2577
2599
2603
2606
2611
2662
2669
2713
2733
2734
2737
2739
2747
2773
2775
2782
2793
2810
2816
2824
2839
2862
2863
2869
2883
2897
2901
2917
2918
2947
2950
2959
3005
3017
3038
3052
3057
3059
3065
3075
3091
3139
3145
3147
3180
3197
3242
3265
3289
3315
3317
3319
3346
3358
3365
3370
3396
3402
3405
3410
3415
3502
3513
3524
3562
3565
3570
3571
3586
3602
3612
3656
3670
3671
3705
3729
3730
3746
3777
3805
3828
3839
3883
3888
3894
3911
3932
3935
3937
3951
3987
3989
4041
4042
4043
4045
4046
4047
4048
4049
4050
4051
4052
4053
4054
4055
4056
4058
4059
4060
4061
4062
4063
4066
4070
4071
4072
4073
4076
4077
4078
4079
4081
4082
4083
4085
4086
4087
4090
4091
4092
4094
4095
4096
4097
4098
4099
4100
4105
4106
4109
4111
4112
4113
4114
4115
4118
4120
4121
4124
4127
4128
4129
4130
4131
4132
4135
4136
4137
4140
4142
4148
4152
4153
4154
4155
4159
4160
4162
4166
4167
4170
4173
4174
4177
4179
4180
4183
4184
4185
4189
4190
4192
4193
4194
4195
4196
4199
4200
4203
4205
4206
4207
4210
4213
4214
4215
4218
4220
4222
4223
4224
4225
4226
4227
4228
4230
4232
4233
4235
4236
4237
4238
4241
4242
4243
4245
4248
4250
4252
4254
4255
4256
4257
4259
4260
4266
4267
4268
4269
4270
4271
4272
4273
4274
4276
4277
4278
4280
4281
4282
4283
4284
4285
4286
4287
4289
4290
4291
4292
4293
4295
4297
4298
4299
4301
4302
4305
4306
4307
4308
4311
4312
4313
4316
4317
4318
4319
4320
4322
4325
4327
4328
4329
4330
4331
4333
4334
4335
4336
4338
4340
4341
4342
4344
4345
4347
4350
4355
4356
4357
4359
4360
4363
4364
4365
4366
4368
4370
4371
4372
4374
4375
4376
4377
4378
4379
4380
4381
4382
4384
4386
4387
4388
4389
4390
4391
4394
4396
4397
4398
4400
4401
4402
4403
4409
4410
4411
4412
4414
4415
4416
4420
4425
4426
4427
4428
4430
4432
4433
4435
4437
4438
4439
4442
4443
4445
4446
4447
4449
4450
4454
4455
4456
4457
4461
4462
4464
4465
4470
4471
4472
4476
4477
4478
4479
4480
4482
4483
4485
4486
4487
4488
4489
4491
4492
4493
4496
4499
4500
4501
4502
4503
4504
4507
4508
4509
4512
4515
4517
4518
4519
4520
4521
4522
4524
4525
4526
4527
4528
4529
4530
4531
4533
4536
4539
4540
4541
4542
4544
4545
4546
4548
4549
4550
4551
4552
4555
4557
4559
4560
4562
4566
4567
4568
4570
4572
4573
4574
4575
4577
4583
4585
4586
4587
4588
4591
4592
4594
4595
4596
4597
4598
4599
4605
4607
4609
4611
4612
4613
4614
4615
4616
4617
4618
4620
4621
4622
4624
4625
4627
4628
4630
4632
4633
4634
4635
4636
4638
4641
4643
4644
4645
4646
4647
4652
4653
4654
4655
4656
4657
4659
4660
4661
4662
4664
4665
4667
4668
4669
4670
4671
4672
4673
4674
4675
4676
4679
4680
4681
4683
4684
4687
4688
4689
4691
4692
4693
4696
4698
4700
4702
4703
4704
4705
4706
4708
4710
4712
4713
4714
4715
4716
4717
4720
4721
4722
4723
4724
4725
4726
4727
4728
4729
4730
4731
4732
4733
4734
4735
4736
4737
4738
4739
4740
4741
4742
4743
4744
4745
4750
4751
4752
4753
4754
4755
4756
4757
4760
4761
4762
4764
4765
4766
4768
4769
4770
4774
4777
4778
4780
4782
4784
4788
4789
4790
4791
4793
4795
4796
4797
4799
4803
4804
4805
4806
4807
4811
4812
4813
4814
4815
4817
4818
4819
4820
4821
4822
4823
4824
4825
4826
4827
4828
4829
4832
4834
4838
4840
4841
4842
4844
4848
4850
4851
4852
4853
4856
4857
4859
4861
4863
4865
4867
4869
4870
4872
4873
4874
4877
4878
4880
4881
4883
4884
4886
4887
4889
4890
4891
4892
4893
4894
4897
4898
4899
4900
4901
4902
4903
4907
4908
4911
4912
4916
4917
4918
4919
4920
4922
4923
4924
4925
4926
4928
4930
4932
4933
4934
4935
4936
4939
4940
4943
4946
4948
4949
4950
4951
4952
4953
4954
4955
4957
4959
4960
4961
4962
4963
4965
4966
4967
4969
4970
4971
4973
4975
4976
4977
4979
4980
4981
4982
4984
4985
4986
4987
4989
4990
4991
4992
4993
4995
4996
4997
4999
5001
5003
5004
5005
5009
5010
5012
5014
5015
5017
5019
5020
5021
5027
5028
5029
5030
5031
5034
5035
5036
5039
5041
5042
5044
5045
5046
5048
5049
5050
5051
5053
5054
5056
5058
5059
5060
5061
5062
5064
5065
5066
5067
5069
5070
5071
5072
5074
5075
5076
5077
5078
5084
5085
5086
5088
5090
5092
5093
5094
5095
5097
5098
5099
5101
5102
5106
5107
5108
5110
5111
5113
5119
5122
5123
5124
5125
5126
5127
5129
5130
5131
5132
5135
5136
5137
5138
5139
5140
5142
5146
5147
5148
5150
5151
5152
5153
5154
5156
5161
5162
5163
5164
5167
5168
5169
5170
5172
5174
5175
5176
5177
5178
5179
5180
5182
5184
5186
5187
5188
5189
5190
5193
5194
5195
5196
5198
5200
5202
5203
5204
5205
5206
5207
5209
5211
5212
5213
5214
5216
5217
5218
5220
5221
5223
5224
5227
5228
5229
5230
5231
5232
5233
5234
5236
5237
5238
5239
5240
5242
5244
5245
5247
5248
5249
5251
5253
5255
5256
5257
5258
5260
5261
5262
5263
5264
5265
5266
5269
5270
5271
5273
5274
5276
5277
5278
5279
5280
5281
5282
5284
5285
5287
5288
5289
5290
5291
5293
5296
5297
5300
5301
5302
5303
5304
5307
5308
5310
5311
5312
5313
5314
5315
5317
5318
5320
5324
5325
5326
5328
5329
5330
5331
5332
5333
5334
5335
5336
5338
5340
5341
5342
5343
5345
5346
5348
5349
5353
5354
5356
5357
5359
5362
5364
5365
5366
5367
5368
5371
5372
5374
5377
5378
5380
5381
5383
5384
5385
5386
5387
5388
5390
5391
5392
5394
5396
5397
5398
5399
5400
5401
5402
5406
5407
5408
5412
5416
5418
5420
5421
5422
5423
5424
5426
5429
5432
5434
5436
5437
5439
5441
5442
5443
5448
5449
5450
5452
5454
5456
5459
5460
5461
5462
5463
5465
5467
5469
5470
5471
5472
5473
5475
5476
5477
5479
5480
5482
5483
5484
5487
5488
5490
5491
5492
5493
5494
5495
5498
5499
5501
5503
5505
5506
5507
5508
5512
5513
5514
5516
5518
5519
5522
5524
5526
5527
5530
5531
5535
5536
5538
5541
5542
5543
5544
5546
5548
5549
5550
5553
5554
5556
5557
5559
5561
5562
5564
5566
5567
5568
5569
5570
5571
5572
5573
5575
5576
5577
5581
5583
5584
5586
5589
5590
5592
5593
5594
5596
5598
5599
5600
5602
5604
5606
5607
5608
5612
5613
5615
5616
5617
5618
5619
5623
5625
5626
5627
5630
5631
5637
5638
5639
5640
5641
5642
5643
5645
5647
5648
5649
5652
5653
5656
5657
5658
5660
5662
5664
5665
5670
5671
5672
5674
5676
5678
5679
5680
5681
5682
5684
5685
5686
5687
5688
5690
5692
5693
5694
5695
5696
5698
5699
5700
5703
5704
5707
5708
5709
5710
5712
5713
5714
5715
5716
5719
5722
5725
5726
5727
5728
5729
5730
5731
5732
5734
5735
5736
5737
5738
5739
5741
5742
5743
5744
5745
5746
5747
5749
5751
5752
5753
5755
5756
5757
5758
5759
5760
5762
5763
5765
5766
5768
5769
5770
5771
5773
5774
5776
5778
5781
5782
5783
5784
5785
5786
5787
5790
5791
5794
5795
5798
5799
5801
5803
5805
5807
5811
5813
5814
5815
5817
5820
5821
5824
5825
5826
5828
5829
5830
5834
5835
5836
5837
5839
5840
5844
5845
5846
5848
5851
5853
5854
5858
5861
5862
5865
5866
5868
5869
5871
5872
5873
5875
5876
5878
5881
5882
5883
5885
5886
5887
5889
5891
5893
5895
5896
5898
5899
5900
5901
5902
5903
5904
5905
5906
5907
5909
5910
5911
5912
5913
5914
5916
5917
5920
5921
5922
5925
5926
5929
5931
5934
5936
5940
5941
5942
5944
5945
5948
5949
5950
5951
5955
5956
5957
5958
5959
5961
5962
5963
5964
5965
5967
5970
5974
5977
5978
5979
5980
5981
5982
5983
5985
5986
5993
5997
5998
6001
6003
6004
6005
6006
6007
6008
6009
6010
6011
6012
6013
6014
6015
6016
6017
6018
6019
6021
6031
6034
6035
6036
6037
6039
6040
6041
6045
6046
6049
6051
6055
6056
6057
6059
6062
6063
6064
6065
6068
6069
6070
6071
6073
6077
6079
6080
6081
6082
6084
6085
6086
6091
6092
6093
6095
6096
6097
6098
6101
6103
6105
6106
6107
6108
6109
6110
6113
6115
6116
6117
6118
6119
6121
6123
6124
6127
6130
6131
6132
6133
6135
6137
6138
6141
6142
6143
6144
6145
6146
6147
6148
6149
6151
6155
6157
6162
6163
6165
6166
6167
6171
6172
6173
6175
6177
6178
6179
6182
6183
6185
6190
6191
6195
6197
6200
6201
6203
6204
6205
6206
6207
6211
6212
6213
6214
6216
6217
6218
6219
6220
6221
6222
6223
6224
6225
6226
6227
6228
6230
6232
6235
6237
6238
6239
6240
6241
6243
6245
6246
6247
6248
6249
6250
6252
6253
6254
6257
6258
6260
6261
6267
6268
6269
6270
6271
6273
6274
6275
6277
6278
6280
6281
6282
6283
6285
6286
6287
6288
6290
6291
6295
6296
6297
6298
6299
6300
6301
6303
6305
6306
6307
6308
6310
6311
6312
6314
6315
6318
6319
6320
6322
6324
6325
6326
6327
6328
6331
6332
6333
6335
6337
6340
6343
6344
6345
6350
6352
6353
6354
6356
6357
6362
6364
6366
6367
6369
6372
6373
6374
6375
6376
6377
6381
6382
6385
6387
6388
6389
6390
6392
6394
6396
6398
6400
6402
6403
6404
6405
6406
6408
6410
6411
6413
6416
6417
6418
6419
6421
6424
6425
6426
6427
6429
6431
6432
6433
6434
6435
6438
6439
6441
6442
6443
6445
6446
6447
6448
6449
6450
6451
6453
6454
6458
6460
6462
6463
6467
6470
6471
6472
6473
6479
6481
6483
6484
6486
6488
6490
6491
6492
6493
6494
6495
6496
6497
6504
6505
6507
6508
6509
6511
6513
6514
6515
6516
6518
6519
6520
6521
6522
6524
6525
6526
6530
6532
6534
6535
6536
6538
6539
6540
6542
6543
6544
6546
6548
6549
6550
6551
6553
6555
6556
6557
6558
6559
6560
6562
6563
6564
6565
6566
6568
6569
6570
6571
6572
6573
6575
6576
6577
6578
6580
6582
6583
6584
6587
6588
6589
6590
6591
6594
6595
6596
6598
6599
6600
6602
6604
6605
6606
6610
6613
6614
6615
6616
6618
6621
6625
6626
6627
6628
6629
6632
6633
6634
6635
6636
6637
6639
6640
6642
6643
6646
6648
6649
6650
6651
6652
6653
6654
6655
6656
6657
6659
6660
6661
6662
6665
6666
6667
6672
6675
6676
6677
6678
6679
6681
6683
6684
6685
6686
6687
6688
6689
6690
6691
6693
6694
6695
6699
6701
6702
6703
6704
6705
6710
6714
6715
6716
6717
6719
6720
6721
6723
6725
6726
6728
6729
6731
6734
6735
6736
6738
6741
6742
6743
6744
6746
6747
6748
6749
6750
6752
6753
6754
6757
6758
6759
6760
6761
6763
6764
6766
6768
6769
6771
6772
6774
6776
6777
6778
6780
6781
6783
6784
6785
6787
6788
6790
6791
6792
6793
6796
6797
6798
6799
6800
6802
6804
6806
6807
6811
6812
6813
6814
6815
6817
6818
6820
6821
6822
6823
6824
6827
6828
6829
6831
6832
6833
6834
6836
6842
6843
6845
6846
6849
6850
6851
6853
6854
6855
6856
6857
6859
6862
6863
6865
6867
6869
6870
6871
6872
6873
6874
6875
6877
6878
6880
6882
6883
6887
6891
6892
6894
6895
6896
6897
6898
6899
6900
6901
6903
6906
6913
6915
6918
6919
6920
6921
6922
6923
6924
6926
6927
6928
6929
6930
6932
6935
6937
6938
6940
6941
6942
6943
6944
6945
6946
6947
6948
6949
6952
6953
6954
6955
6956
6957
6962
6964
6965
6966
6967
6968
6969
6971
6973
6975
6976
6977
6978
6979
6980
6981
6983
6984
6985
6986
6987
6988
6989
6990
6993
6994
6996
6998
6999
7000
7002
7003
7004
7005
7008
7010
7011
7012
7016
7017
7018
7019
7022
7023
7024
7025
7026
7027
7028
7031
7032
7033
7034
7035
7037
7038
7039
7041
7042
7043
7045
7046
7047
7048
7049
7051
7054
7056
7057
7058
7059
7061
7062
7064
7066
7067
7069
7070
7073
7074
7075
7076
7078
7079
7081
7082
7084
7085
7086
7088
7089
7091
7092
7094
7095
7097
7098
7099
7100
7103
7108
7111
7113
7115
7117
7118
7120
7121
7122
7124
7125
7126
7127
7131
7132
7133
7134
7137
7139
7140
7142
7144
7146
7148
7149
7150
7151
7152
7156
7157
7159
7160
7163
7165
7168
7169
7170
7171
7172
7173
7174
7175
7176
7179
7182
7184
7185
7186
7190
7191
7194
7198
7200
7201
7202
7205
7206
7207
7208
7210
7211
7212
7214
7215
7217
7218
7219
7221
7222
7224
7226
7227
7230
7231
7232
7233
7236
7238
7239
7240
7241
7244
7245
7246
7247
7248
7249
7250
7251
7252
7254
7257
7258
7259
7260
7261
7262
7263
7265
7267
7269
7270
7271
7272
7273
7276
7278
7280
7282
7283
7285
7286
7288
7291
7292
7293
7294
7295
7296
7298
7299
7300
7301
7310
7311
7312
7313
7314
7316
7319
7320
7321
7322
7325
7326
7327
7328
7329
7331
7332
7333
7334
7335
7336
7337
7340
7342
7343
7345
7346
7347
7348
7349
7350
7351
7352
7353
7354
7355
7356
7359
7360
7361
7363
7364
7365
7366
7367
7368
7369
7370
7371
7373
7374
7375
7377
7379
7380
7381
7382
7383
7384
7386
7387
7390
7391
7393
7394
7395
7396
7398
7400
7402
7404
7405
7406
7411
7413
7414
7415
7417
7418
7419
7421
7422
7424
7425
7426
7427
7429
7431
7433
7435
7437
7438
7439
7441
7446
7447
7448
7449
7451
7452
7454
7455
7456
7457
7458
7460
7461
7463
7466
7467
7468
7472
7473
7474
7475
7476
7478
7479
7481
7483
7484
7485
7487
7488
7490
7491
7492
7493
7495
7496
7497
7499
7501
7502
7503
7504
7505
7506
7507
7508
7509
7512
7514
7515
7517
7519
7520
7522
7523
7524
7525
7526
7527
7528
7530
7531
7532
7536
7537
7540
7543
7544
7546
7547
7551
7552
7553
7555
7557
7559
7561
7564
7565
7566
7567
7568
7569
7573
7575
7576
7578
7579
7580
7582
7583
7585
7586
7588
7591
7592
7593
7595
7596
7598
7601
7602
7603
7604
7605
7606
7607
7608
7610
7611
7612
7614
7615
7616
7617
7620
7622
7623
7624
7625
7626
7627
7628
7629
7630
7631
7634
7635
7636
7637
7642
7643
7645
7647
7649
7650
7651
7653
7654
7655
7656
7657
7658
7659
7660
7661
7662
7664
7665
7667
7668
7669
7671
7672
7674
7675
7677
7678
7679
7680
7681
7682
7683
7684
7686
7687
7688
7690
7691
7692
7694
7697
7698
7700
7702
7703
7704
7705
7708
7709
7711
7712
7713
7715
7716
7718
7721
7722
7723
7724
7725
7729
7731
7734
7735
7736
7737
7739
7741
7744
7745
7746
7747
7750
7751
7752
7753
7754
7756
7757
7758
7759
7761
7762
7766
7767
7772
7773
7776
7777
7778
7779
7781
7782
7783
7785
7786
7787
7789
7790
7791
7792
7793
7796
7798
7799
7800
7801
7802
7806
7807
7808
7809
7810
7811
7812
7815
7817
7818
7819
7820
7824
7827
7828
7830
7831
7835
7836
7837
7838
7839
7840
7841
7846
7848
7849
7850
7852
7854
7855
7857
7858
7859
7860
7861
7862
7864
7865
7868
7869
7870
7872
7873
7874
7875
7877
7879
7880
7881
7883
7884
7885
7888
7889
7890
7892
7894
7900
7902
7903
7904
7905
7906
7907
7909
7912
7915
7916
7917
7918
7924
7925
7926
7928
7929
7930
7931
7933
7934
7935
7937
7938
7939
7940
7941
7942
7943
7944
7945
7946
7947
7948
7954
7955
7957
7959
7962
7963
7964
7967
7968
7969
7972
7973
7975
7976
7978
7979
7980
7982
7983
7984
7985
7987
7988
7989
7990
7991
7992
7993
7994
7995
7996
7998
7999
8000
8001
8003
8004
8007
8008
8009
8010
8011
8012
8014
8016
8017
8018
8019
8020
8021
8022
8024
8028
8029
8031
8032
8033
8035
8036
8037
8040
8041
8042
8043
8044
8045
8046
8049
8050
8051
8052
8053
8054
8055
8056
8057
8060
8061
8062
8063
8064
8066
8067
8068
8069
8070
8071
8072
8073
8074
8075
8077
