7
10
11
16
17
18
20
23
25
32
35
41
42
43
45
46
50
52
54
55
57
63
64
71
75
91
92
96
97
102
103
104
110
114
116
118
119
124
126
128
130
133
135
137
142
143
147
148
153
156
157
158
160
161
166
169
173
174
175
178
183
186
187
188
190
192
194
196
199
201
202
203
204
211
214
216
217
221
223
225
226
227
233
236
239
245
246
249
251
252
254
255
263
266
270
271
272
273
275
276
277
278
283
284
293
294
296
303
306
308
312
314
317
321
322
323
325
328
334
335
338
345
346
347
351
357
358
362
369
371
372
373
380
391
395
396
399
401
412
413
414
416
417
423
425
426
428
433
434
437
440
441
451
452
455
456
457
465
466
469
470
479
480
489
492
495
497
499
503
504
506
509
512
513
514
516
517
518
522
526
528
531
532
534
538
539
541
542
544
549
551
557
561
563
564
565
566
572
573
582
583
584
586
589
595
603
604
611
613
615
619
621
625
626
629
631
633
635
637
638
639
642
645
651
652
658
659
661
662
663
665
671
673
682
683
686
689
698
700
702
703
707
710
714
717
719
720
730
732
748
751
756
763
765
766
773
774
775
780
786
790
793
795
801
803
806
807
812
813
819
820
823
827
830
831
841
846
847
853
854
857
862
863
868
869
877
879
882
888
895
896
897
901
904
906
907
908
909
913
917
918
920
924
926
929
931
950
954
955
959
966
967
969
980
982
986
989
990
994
995
1000
1003
1006
1007
1008
1010
1014
1017
1022
1024
1025
1038
1039
1043
1048
1049
1053
1054
1055
1056
1062
1066
1067
1068
1070
1071
1072
1073
1074
1083
1086
1088
1091
1093
1099
1100
1101
1105
1109
1113
1122
1124
1128
1138
1139
1144
1148
1153
1154
1164
1167
1174
1176
1182
1184
1192
1193
1195
1199
1200
1206
1213
1214
1215
1223
1247
1248
1251
1252
1256
1257
1258
1259
1263
1264
1267
1273
1278
1286
1295
1296
1297
1301
1302
1314
1324
1327
1328
1334
1335
1338
1348
1352
1354
1357
1360
1370
1374
1377
1379
1382
1384
1385
1386
1388
1397
1398
1399
1403
1409
1414
1415
1416
1417
1422
1424
1428
1430
1431
1432
1433
1436
1440
1446
1447
1449
1451
1453
1455
1458
1463
1467
1470
1474
1475
1480
1482
1483
1487
1489
1491
1494
1496
1500
1506
1507
1512
1514
1522
1524
1531
1532
1533
1537
1542
1543
1544
1546
1551
1557
1558
1563
1564
1569
1573
1574
1575
1576
1583
1584
1585
1595
1599
1601
1604
1605
1611
1612
1613
1614
1620
1626
1631
1633
1634
1642
1649
1653
1655
1659
1663
1664
1670
1677
1683
1684
1685
1686
1688
1692
1693
1694
1695
1704
1705
1707
1708
1711
1719
1723
1724
1725
1726
1727
1738
1740
1741
1742
1749
1751
1753
1755
1758
1760
1763
1765
1767
1769
1770
1775
1781
1782
1785
1786
1787
1790
1798
1802
1807
1813
1814
1815
1823
1825
1829
1830
1831
1834
1835
1843
1845
1847
1851
1856
1862
1864
1870
1882
1888
1889
1891
1897
1898
1901
1904
1905
1906
1922
1924
1927
1928
1929
1930
1932
1934
1940
1942
1948
1950
1953
1956
1957
1959
1962
1972
1974
1977
1978
1979
1980
1984
1987
1992
1994
2000
2002
2004
2006
2011
2021
2027
2029
2030
2036
2039
2040
2048
2049
2050
2051
2054
2058
2065
2069
2072
2075
2084
2088
2091
2094
2098
2105
2119
2120
2123
2124
2125
2126
2131
2136
2139
2140
2144
2145
2151
2152
2153
2157
2159
2160
2167
2177
2178
2181
2186
2191
2201
2204
2205
2210
2211
2215
2217
2219
2222
2223
2228
2231
2233
2234
2235
2241
2243
2244
2245
2247
2250
2255
2259
2261
2262
2265
2266
2267
2268
2273
2277
2278
2279
2281
2283
2285
2289
2292
2295
2300
2302
2303
2304
2313
2322
2326
2327
2331
2332
2334
2335
2336
2337
2340
2341
2344
2356
2361
2365
2370
2373
2375
2377
2382
2385
2386
2396
2400
2404
2406
2409
2411
2412
2413
2417
2420
2423
2424
2426
2432
2433
2439
2440
2445
2447
2450
2451
2453
2456
2461
2466
2470
2473
2477
2483
2486
2489
2494
2495
2499
2500
2501
2502
2506
2507
2514
2518
2519
2520
2523
2525
2526
2527
2529
2541
2547
2550
2558
2562
2566
2567
2573
2582
2585
2588
2591
2593
2594
2595
2598
2605
2607
2612
2617
2621
2622
2623
2639
2642
2645
2653
2655
2656
2660
2661
2663
2665
2670
2672
2675
2680
2689
2690
2694
2695
2697
2699
2701
2704
2705
2707
2708
2714
2720
2721
2723
2724
2731
2735
2740
2741
2746
2751
2762
2767
2768
2769
2774
2776
2780
2785
2788
2791
2796
2797
2799
2801
2811
2812
2819
2820
2823
2825
2831
2832
2836
2845
2847
2856
2865
2866
2867
2868
2872
2873
2880
2882
2885
2894
2895
2896
2898
2900
2902
2906
2908
2909
2912
2916
2919
2923
2926
2930
2932
2934
2935
2936
2937
2944
2957
2960
2962
2963
2965
2968
2972
2977
2982
2983
2984
2989
2990
2992
2993
2997
3004
3006
3010
3013
3018
3020
3025
3031
3040
3045
3047
3048
3058
3067
3069
3072
3076
3079
3081
3083
3088
3089
3090
3102
3103
3106
3112
3121
3122
3125
3126
3134
3135
3144
3146
3148
3150
3152
3154
3159
3160
3162
3163
3164
3166
3169
3174
3183
3185
3186
3188
3194
3196
3198
3202
3204
3207
3211
3213
3217
3218
3219
3225
3227
3228
3231
3233
3235
3236
3238
3240
3241
3248
3253
3255
3260
3262
3264
3267
3269
3271
3275
3276
3287
3292
3293
3295
3300
3303
3304
3307
3310
3314
3323
3324
3329
3330
3331
3332
3333
3335
3339
3341
3349
3350
3360
3371
3373
3380
3384
3400
3401
3404
3408
3409
3416
3423
3425
3427
3429
3431
3432
3441
3442
3455
3457
3460
3461
3462
3470
3473
3481
3485
3486
3489
3490
3497
3505
3508
3510
3516
3523
3528
3529
3530
3531
3536
3537
3541
3542
3550
3552
3553
3554
3555
3557
3563
3564
3567
3576
3580
3581
3582
3583
3591
3594
3598
3599
3608
3613
3614
3618
3621
3622
3626
3628
3631
3632
3638
3639
3641
3643
3644
3645
3646
3649
3650
3654
3657
3661
3665
3668
3675
3677
3678
3680
3681
3682
3684
3686
3690
3692
3696
3700
3701
3704
3710
3716
3721
3725
3732
3734
3736
3738
3743
3745
3747
3751
3753
3754
3755
3759
3760
3767
3773
3775
3783
3796
3802
3803
3804
3808
3813
3816
3830
3833
3834
3840
3841
3844
3851
3860
3861
3862
3863
3873
3875
3880
3881
3884
3887
3891
3895
3899
3901
3902
3903
3910
3915
3921
3926
3927
3928
3930
3931
3938
3939
3940
3946
3947
3955
3956
3958
3960
3962
3963
3973
3974
3979
3981
3983
3984
3991
3994
3996
3998
3999
4000
4003
4006
4007
4011
4015
4017
4024
4027
4032
4033
4034
4035
4038
4039
4040
4044
4057
4064
4065
4067
4069
4074
4075
4080
4084
4088
4089
4093
4101
4102
4104
4107
4108
4110
4116
4117
4119
4122
4123
4125
4126
4134
4138
4141
4143
4145
4146
4147
4149
4151
4156
4157
4163
4164
4165
4168
4169
4171
4172
4175
4176
4178
4182
4186
4187
4188
4191
4197
4198
4201
4204
4209
4211
4212
4216
4219
4221
4229
4234
4239
4244
4246
4247
4249
4251
4253
4258
4261
4263
4265
4288
4296
4300
4303
4304
4310
4314
4315
4321
4324
4326
4332
4337
4339
4346
4348
4352
4353
4354
4358
4361
4362
4367
4369
4373
4383
4385
4392
4393
4399
4406
4407
4408
4413
4417
4418
4419
4421
4423
4429
4440
4441
4448
4451
4452
4453
4459
4463
4466
4467
4468
4469
4473
4474
4475
4481
4484
4490
4494
4495
4497
4498
4505
4510
4511
4513
4516
4523
4532
4534
4535
4537
4538
4543
4547
4558
4561
4563
4564
4565
4569
4571
4576
4578
4579
4580
4590
4593
4601
4602
4603
4604
4606
4608
4610
4619
4623
4626
4629
4631
4637
4639
4640
4642
4648
4649
4650
4651
4658
4663
4666
4677
4678
4686
4690
4694
4695
4699
4701
4707
4709
4711
4718
4719
4746
4747
4748
4758
4759
4763
4767
4771
4772
4773
4776
4779
4781
4783
4785
4786
4787
4792
4794
4798
4800
4801
4802
4808
4809
4810
4816
4830
4831
4833
4836
4837
4839
4843
4845
4846
4847
4854
4860
4862
4868
4871
4875
4876
4879
4882
4885
4888
4895
4905
4906
4909
4910
4914
4915
4921
4927
4929
4937
4938
4941
4942
4944
4945
4947
4956
4958
4964
4968
4972
4978
4988
4994
4998
5000
5006
5007
5008
5011
5016
5018
5022
5023
5024
5026
5032
5033
5038
5040
5043
5047
5052
5055
5063
5068
5073
5079
5081
5082
5083
5087
5089
5091
5096
5100
5103
5104
5105
5109
5112
5114
5116
5117
5118
5120
5121
5128
5133
5134
5141
5143
5144
5145
5149
5155
5158
5160
5165
5166
5171
5181
5183
5191
5192
5197
5199
5201
5208
5210
5215
5219
5222
5225
5226
5241
5243
5250
5252
5254
5267
5268
5272
5275
5286
5292
5294
5298
5299
5305
5306
5309
5319
5321
5322
5323
5327
5337
5344
5350
5352
5355
5358
5360
5361
5363
5369
5370
5373
5375
5376
5379
5382
5389
5393
5395
5403
5405
5409
5410
5411
5413
5414
5417
5419
5425
5427
5428
5430
5431
5433
5438
5440
5444
5445
5447
5451
5453
5455
5457
5458
5464
5466
5474
5478
5481
5485
5486
5489
5496
5497
5500
5502
5509
5511
5515
5520
5523
5525
5529
5532
5533
5537
5539
5540
5545
5547
5551
5552
5555
5558
5560
5563
5565
5574
5579
5580
5585
5587
5591
5595
5597
5601
5603
5605
5609
5610
5611
5614
5620
5621
5622
5624
5628
5629
5632
5633
5634
5635
5644
5646
5650
5651
5654
5655
5659
5661
5663
5666
5667
5668
5669
5673
5677
5683
5689
5702
5705
5706
5711
5717
5718
5720
5723
5724
5733
5740
5748
5750
5754
5761
5764
5767
5772
5775
5777
5779
5788
5789
5792
5793
5796
5797
5800
5802
5804
5806
5808
5809
5810
5812
5816
5818
5819
5822
5823
5827
5831
5832
5833
5841
5842
5843
5847
5849
5850
5852
5855
5856
5857
5859
5860
5863
5864
5867
5870
5874
5879
5880
5890
5892
5894
5897
5908
5915
5918
5919
5923
5924
5927
5928
5930
5932
5933
5935
5937
5938
5939
5943
5946
5947
5952
5953
5954
5969
5971
5972
5973
5975
5984
5988
5989
5990
5991
5992
5994
5995
5996
5999
6000
6002
6022
6023
6024
6025
6026
6027
6028
6030
6032
6033
6038
6042
6043
6044
6047
6048
6050
6052
6053
6054
6058
6060
6061
6067
6072
6075
6076
6083
6087
6088
6089
6094
6099
6100
6102
6104
6112
6114
6120
6122
6125
6126
6128
6129
6134
6136
6139
6150
6152
6153
6156
6158
6159
6164
6169
6170
6176
6181
6184
6186
6188
6189
6192
6193
6198
6199
6202
6208
6209
6210
6215
6229
6231
6233
6234
6236
6242
6255
6256
6259
6263
6264
6265
6266
6272
6276
6279
6284
6289
6292
6293
6294
6302
6304
6309
6313
6316
6317
6321
6329
6330
6334
6336
6338
6341
6342
6346
6347
6348
6351
6355
6358
6359
6360
6361
6370
6371
6378
6379
6380
6384
6386
6391
6393
6395
6397
6399
6401
6407
6409
6412
6422
6423
6428
6430
6437
6440
6444
6452
6455
6456
6457
6459
6461
6464
6469
6474
6475
6476
6477
6478
6480
6485
6487
6489
6498
6500
6502
6503
6506
6510
6512
6517
6523
6527
6528
6529
6533
6537
6541
6545
6547
6552
6561
6567
6574
6579
6581
6585
6586
6592
6593
6597
6601
6603
6608
6609
6611
6612
6617
6620
6622
6623
6624
6630
6631
6638
6641
6644
6645
6647
6663
6664
6668
6669
6670
6671
6673
6674
6680
6682
6692
6696
6697
6698
6700
6706
6707
6708
6709
6711
6712
6713
6718
6722
6724
6727
6730
6732
6737
6739
6740
6745
6751
6755
6762
6765
6770
6773
6775
6782
6786
6789
6794
6795
6801
6803
6808
6809
6810
6816
6819
6826
6830
6835
6837
6838
6840
6841
6844
6848
6852
6860
6861
6864
6866
6868
6876
6879
6881
6885
6886
6888
6890
6893
6902
6904
6905
6907
6908
6909
6911
6912
6914
6916
6917
6925
6931
6933
6934
6936
6939
6950
6951
6958
6959
6961
6970
6972
6974
6991
6992
6995
6997
7001
7006
7007
7009
7013
7014
7015
7020
7021
7029
7030
7036
7040
7050
7052
7053
7055
7060
7063
7065
7071
7072
7077
7083
7087
7090
7096
7101
7102
7105
7106
7107
7109
7110
7112
7119
7123
7128
7129
7135
7138
7143
7145
7147
7153
7154
7155
7158
7161
7162
7164
7166
7167
7177
7178
7180
7183
7188
7193
7197
7199
7203
7204
7209
7216
7220
7225
7228
7229
7235
7237
7242
7243
7253
7255
7256
7264
7266
7268
7274
7275
7277
7279
7281
7284
7290
7297
7302
7303
7304
7305
7306
7307
7308
7309
7315
7317
7318
7323
7324
7330
7338
7339
7341
7344
7357
7358
7362
7372
7376
7378
7385
7388
7389
7392
7397
7401
7407
7408
7410
7412
7416
7420
7423
7428
7430
7432
7434
7436
7440
7442
7443
7444
7445
7450
7453
7459
7462
7464
7465
7469
7470
7477
7480
7482
7486
7489
7498
7500
7510
7511
7513
7516
7518
7521
7529
7533
7534
7535
7538
7539
7541
7542
7548
7549
7550
7556
7558
7562
7563
7570
7571
7572
7574
7577
7581
7584
7587
7589
7590
7594
7600
7609
7613
7618
7619
7621
7632
7633
7639
7640
7641
7644
7646
7648
7652
7663
7666
7670
7673
7676
7685
7689
7693
7695
7699
7701
7706
7707
7710
7714
7717
7719
7726
7727
7728
7730
7733
7738
7740
7742
7743
7748
7749
7755
7760
7763
7764
7765
7769
7770
7774
7775
7780
7784
7788
7794
7797
7803
7804
7805
7813
7816
7821
7822
7823
7826
7829
7832
7833
7834
7842
7843
7844
7845
7847
7851
7853
7856
7863
7866
7867
7871
7876
7878
7882
7886
7887
7891
7893
7895
7896
7897
7899
7901
7910
7911
7913
7914
7919
7920
7921
7922
7923
7927
7936
7949
7952
7956
7958
7960
7961
7965
7966
7970
7974
7977
7981
7986
7997
8002
8005
8006
8013
8015
8026
8027
8030
8034
8038
8039
8047
8048
8058
8059
8065
8076
