863
1531
2533
2773
2865
2883
2913
2917
3006
3018
3020
3022
3406
3460
3547
3629
3679
3796
3981
4191
4535
4572
4758
5059
5335
5533
5623
5749
5762
5953
6040
6081
6168
6432
8170
8450
9067
9233
9616
9861
9871
9906
10102
10480
10703
11027
11034
11045
11054
11442
12053
12116
12340
12544
12578
13302
13737
13873
13919
14077
14223
14261
14444
14624
14672
14747
14941
15698
16042
16051
16437
16459
16741
16983
17033
17121
17309
17588
17768
17830
18001
18838
18858
19079
19127
19797
19987
20094
20213
20232
20729
21335
21810
21829
22069
22401
22680
23125
23497
23498
23736
23844
23846
24646
24749
24900
24903
24909
24920
24923
24928
24932
24938
24939
24943
25011
25169
25175
25336
25926
25951
26021
26142
26378
26381
26383
26395
26409
26412
26414
26421
26437
26449
26454
26455
26473
26474
27113
27245
27377
27515
28007
28170
28254
28390
28767
28880
29278
29426
29461
29529
29719
29863
30176
30753
30895
31016
31519
31659
31840
31858
31861
31989
32198
32209
32244
32368
32379
32406
32445
32461
32558
32580
32598
32605
32753
32923
33072
33183
33457
33765
33772
34295
34312
34699
34773
34861
34867
34879
34880
34881
34887
34888
34890
34920
34938
34949
34971
35006
35013
35149
35181
35363
35364
35433
35610
35938
36286
36377
37321
37371
37504
37629
37789
37861
37864
37987
38348
38363
38366
38390
38414
38441
38571
38666
38669
38763
39022
39105
39300
39440
39503
39510
39526
39903
40025
40050
40094
40142
40368
40781
40913
40976
41014
41164
41253
41407
41409
41442
41478
41516
41521
42069
42165
42246
42831
43076
43085
43096
43106
43114
43167
43208
43211
43472
43474
43477
43880
43881
43898
44006
44123
44124
44145
44146
44436
44586
44763
44825
44826
44834
44839
45092
45390
45395
45666
45811
46015
46131
46133
46134
46136
46138
46150
46225
46463
46489
46561
46562
46563
46565
46567
46833
46856
46860
46874
46933
46947
46966
47311
47356
47436
47633
47903
47967
47974
47992
48061
48075
48083
48087
48102
48538
48562
48673
48688
48711
48906
48935
48966
49157
49257
49276
49470
49569
49674
49726
49873
49876
49930
49970
49992
49993
49996
50334
50490
50514
50550
50658
50707
50811
50871
51187
51190
51249
51390
51491
51496
51669
51681
51682
51729
51737
51741
51766
51771
51777
51867
51959
52018
52083
52123
52177
52179
52277
52328
52343
52353
52383
52573
52618
52762
53080
53138
53325
53684
53745
53750
53838
54228
54742
54767
54771
54865
54909
55221
55252
55293
55419
55506
55553
55752
55836
56135
56175
56305
56364
56394
56498
56529
56607
56756
56770
56771
56772
56773
57200
57554
57571
57618
57714
57719
57723
57875
58032
58110
58169
58178
58269
58271
58274
58297
58479
58541
58560
58579
58648
58791
58845
58963
59049
59260
59401
59479
59523
59528
59533
59555
59589
59797
59798
59906
60068
60188
60249
60344
60352
60356
60373
60390
60420
60423
60435
60699
61008
61011
61060
61174
61177
61227
61448
61501
61518
61630
61670
61741
61752
61799
61982
61983
61984
61986
61990
61991
61992
61993
61995
61996
61997
61999
62027
62079
62133
62166
62175
62179
62387
62458
62504
62515
62577
62678
62875
62958
62967
63033
63066
63126
63183
63185
63387
63623
63719
63733
63795
63956
63957
64052
64064
64068
64211
64219
64287
64289
64309
64324
64420
64549
64807
64808
64854
64929
65010
65032
65091
65094
65095
65098
65100
65120
65151
65156
65214
65346
65352
65370
65374
65376
65377
65378
65379
65380
65382
65587
65659
65737
65864
65873
65878
65883
66031
66043
66111
66125
66211
66301
66378
66443
66445
66504
66540
66547
66555
66575
66638
66736
66814
66821
66870
66931
66980
67010
67064
67118
67178
67223
67306
67733
67975
68040
68053
68134
68207
68274
68390
68424
68526
68594
68613
68617
68663
68670
68718
68851
68852
69060
69263
69313
69320
69451
69459
69463
69483
69508
69713
69757
69764
69793
69829
69891
69907
70040
70045
70079
70080
70081
70103
70131
70138
70191
70232
70257
70259
70261
70355
70456
70497
70761
70816
70844
70942
70975
71010
71101
71118
71167
71199
71203
71224
71324
71359
71371
71421
71447
71605
71636
71674
71697
71707
71735
71784
71797
71878
71894
71958
71986
72054
72055
72130
72232
72308
72359
72360
72511
72627
72659
72729
72744
72774
72822
72839
72859
72930
72934
72963
72987
73058
73093
73136
73138
73321
73427
73495
73516
73554
73754
73804
73805
73930
74035
74054
74142
74147
74189
74212
74218
74433
74460
74548
74570
74613
74628
74764
74857
74873
74900
74913
74955
74980
75009
75190
75205
75287
75367
75368
75395
75434
75509
75651
75748
75822
75865
75895
75997
76043
76045
76047
76053
76074
76081
76200
76253
76279
76345
76396
76549
76564
76577
76635
76641
76657
76703
76711
76734
76762
76822
76829
76889
76988
77106
77108
77174
77176
77180
77181
77182
77213
77333
77356
77416
77529
77560
77648
77766
77792
77848
77854
77918
77959
77990
78030
78031
78138
78237
78258
78322
78364
78420
78526
78567
78582
78610
78622
78651
78679
78685
78702
78708
78711
78741
78749
78766
78975
79077
79218
79292
79374
79437
79541
79634
79697
79757
80276
80301
80308
80365
80419
80488
80528
80556
80676
80697
80741
80750
80800
80811
80821
80836
80921
81032
81213
81334
81335
81360
81369
81709
81788
82012
82181
82219
82242
82253
82287
82324
82331
82351
82388
82409
82438
82443
82481
82490
82500
82509
82516
82529
82530
82541
82544
82580
82582
82596
82606
82607
82617
82618
82628
82652
82658
82675
82679
82680
82691
82729
82761
82772
82782
82817
82829
82847
82857
82870
82882
82888
82924
82930
82931
82983
82986
82991
83004
83007
83009
83015
83033
83045
83066
83072
83084
83086
83111
83114
83171
83202
83214
83221
83238
83245
83255
83263
83291
83299
83322
83323
83354
83356
83376
83380
83388
83403
83419
83424
83425
83443
83447
83453
83461
83462
83467
83508
83510
83518
83527
83544
83546
83547
83552
83571
83586
83602
83610
83643
83664
83666
83672
83687
83719
83752
83753
83764
83766
83820
83821
83849
83853
83861
83863
83879
83926
83960
83976
83981
84001
84002
84010
84011
84019
84036
84054
84126
84136
84149
84160
84166
84173
84182
84190
84193
84194
84209
84225
84249
84275
84285
84288
84290
84303
84322
84328
84347
84392
84414
84421
84450
84454
84457
84460
84478
84479
84500
84518
84525
84561
84568
84604
84613
84626
84633
84635
84641
84645
84662
84664
84665
84674
84691
84696
84700
84705
84706
84713
84736
84738
84744
84745
84811
84812
84814
84836
84840
84842
84848
84854
84859
84880
84883
84885
84913
84925
84931
84933
84934
84937
84944
84998
85010
85055
85063
85069
85077
85086
85099
85100
85104
85122
85128
85145
85170
85176
85204
85213
85228
85248
85299
85313
85339
85345
85373
85382
85390
85391
85419
85424
85443
85462
85497
85504
85507
85563
85579
85587
85598
85599
85630
85691
85693
85698
85774
85776
85794
85824
85826
85845
85852
85878
85904
85907
85941
85989
86006
86035
86147
86163
86195
86197
86209
86222
86225
86231
86233
86241
86264
86285
86286
86293
86315
86316
86320
86324
86331
86338
86340
86373
86381
86382
86398
86407
86413
86447
86452
86456
86488
86515
86517
86522
86524
86560
86578
86582
86607
86625
86630
86661
86663
86669
86677
86715
86719
86725
86727
86728
86753
86757
86766
86772
86776
86778
86796
86807
86817
86867
86869
86872
86882
86889
86936
86947
86948
86971
87033
87037
87052
87063
87067
87073
87084
87114
87127
87147
87151
87168
87181
87215
87237
87243
87259
87264
87271
87287
87298
87316
87334
87338
87354
87393
87428
87433
87435
87440
87449
87475
87550
87560
87564
87578
87613
87627
87644
87658
87659
87662
87670
87683
87684
87688
87701
87720
87722
87736
87748
87785
87794
87796
87808
87814
87839
87843
87890
87919
87941
87949
87976
87990
87994
88056
88078
88101
88106
88107
88111
88114
88115
88122
88135
88141
88177
88179
88198
88213
88224
88233
88269
88285
88313
88314
88316
88321
88331
88337
88344
88376
88397
88409
88411
88422
88435
88436
88444
88448
88475
88500
88510
88514
88515
88527
88547
88563
88578
88613
88636
88671
88675
88699
88701
88708
88769
88780
88792
88795
88807
88816
88818
88836
88845
88854
88886
88890
88918
88923
88933
88973
88977
88981
88988
88990
89010
89029
89036
89054
89096
89113
89124
89159
89186
89192
89217
89256
89297
89336
89348
89354
89357
89361
89407
89423
89477
89483
89502
89508
89697
89738
89745
89752
89758
89784
89785
89795
89870
89883
89889
89913
89930
89939
89949
89958
89963
89970
89972
89977
89987
89991
90007
90013
90123
90155
90168
90182
90185
90195
90208
90287
90297
90301
90304
90373
90414
90416
90419
90421
90422
90486
90488
90517
90549
90587
90602
90607
90609
90612
90618
90648
90655
90664
90788
90805
90817
90818
90855
90870
90872
90911
90928
90973
90979
90984
90989
90998
91001
91032
91033
91034
91041
91070
91080
91091
91094
91096
91109
91112
91124
91142
91147
91176
91183
91202
91205
91210
91215
91233
91240
91293
91305
91328
91359
91390
91414
91430
91436
91438
91481
91506
91519
91531
91539
91553
91554
91579
91588
91613
91630
91639
91655
91694
91699
91706
91707
91711
91713
91731
91735
91744
91777
91819
91871
91922
91933
91936
91958
91990
91998
92026
92028
92030
92074
92077
92078
92090
92108
92145
92148
92251
92281
92292
92303
92323
92347
92359
92369
92384
92393
92403
92421
92442
92443
92455
92456
92476
92524
92541
92547
92572
92578
92588
92602
92625
92649
92654
92664
92693
92720
92722
92723
92731
92742
92745
92758
92760
92771
92801
92806
92811
92849
92861
92876
92878
92880
92892
92903
92913
92924
92966
92971
92992
93011
93013
93015
93034
93076
93082
93092
93095
93120
93129
93141
93157
93162
93176
93190
93223
93228
93272
93274
93291
93301
93341
93346
93363
93376
93394
93407
93415
93418
93451
93453
93464
93481
93482
93496
93502
93512
93526
93528
93533
93543
93563
93588
93608
93611
93638
93657
93663
93670
93743
93776
93781
93789
93820
93843
93857
93873
93882
93900
93915
93933
93943
93944
93958
93975
93976
93981
93983
94003
94034
94049
94082
94085
94102
94112
94118
94136
94147
94162
94192
94318
94334
94335
94348
94396
94397
94408
94435
94438
94451
94452
94453
94456
94464
94496
94508
94551
94559
94562
94568
94596
94611
94616
94637
94644
94685
94686
94703
94726
94745
94747
94768
94807
94809
94817
94840
94851
94881
94886
94894
94895
94903
94941
94990
95010
95027
95073
95077
95079
95095
95111
95130
95149
95163
95169
95173
95178
95220
95232
95249
95289
95307
95320
95362
95368
95381
95417
95418
95429
95471
95487
95500
95502
95503
95515
95517
95527
95542
95576
95608
95645
95662
95696
95719
95739
95750
95753
95756
95764
95766
95786
95787
95830
95847
95856
95864
95892
95932
95952
95956
95973
95984
96014
96018
96070
96074
96088
96103
96126
96146
96151
96152
96201
96205
96242
96254
96256
96260
96307
96318
96321
96336
96341
96346
96352
96375
96383
96389
96419
96423
96426
96430
96435
96438
96447
96449
96458
96462
96482
96485
96518
96523
96542
96544
96577
96583
96588
96604
96639
96642
96652
96653
96658
96660
96673
96678
96692
96698
96708
96720
96736
96755
96770
96777
96785
96809
96823
96827
96829
96839
96842
96857
96866
96882
96891
96908
96938
96954
96963
97090
97110
97118
97143
97167
97174
97178
97182
97184
97210
97229
97233
97241
97268
97273
97278
97320
97323
97332
97364
97366
97368
97394
97398
97399
97420
97447
97453
97457
97467
97477
97482
97485
97504
97510
97526
97535
97551
97575
97600
97644
97649
97659
97672
97701
97722
97759
97802
97820
97826
97887
97963
97973
98000
98007
98030
98035
98038
98043
98055
98061
98090
98112
98116
98124
98133
98144
98146
98152
98167
98173
98174
98213
98221
98242
98243
98252
98264
98273
98277
98284
98289
98303
98307
98363
98364
98365
98368
98386
98389
98395
98411
98414
98437
98440
98447
98543
98558
98576
98581
98589
98592
98602
98625
98651
98655
98673
98679
98682
98683
98684
98694
98696
98699
98701
98709
98711
98748
98771
98775
98787
98789
98803
98818
98824
98870
98880
98887
98895
98897
98915
98927
98931
98932
98986
99012
99037
99060
99071
99075
99078
99088
99108
99109
99150
99171
99187
99204
99217
99256
99273
99274
99284
99291
99301
99337
99360
99362
99379
99380
99395
99416
99429
99472
99503
99534
99535
99540
99542
99573
99582
99585
99606
99613
99655
99662
99681
99723
99728
99736
99753
99758
99828
99857
99858
99868
99883
99906
99913
99941
99954
99958
99979
99997
99999
100030
100039
100060
100061
100063
100076
100091
100110
100164
100173
100182
100201
100218
100237
100269
100274
100298
100310
100344
100345
100348
100351
100361
100452
100457
100460
100484
100516
100529
100546
100548
100551
100572
100598
100599
100621
100624
100633
100656
100674
100700
100709
100724
100733
100736
100753
100760
100765
100783
100803
100854
100863
100884
100907
100908
100911
100956
100958
100992
101011
101023
101025
101027
101030
101044
101053
101065
101080
101100
101123
101125
101154
101173
101180
101193
101201
101202
101215
101218
101223
101268
101270
101289
101307
101312
101326
101338
101347
101360
101372
101373
101382
101386
101395
101447
101463
101466
101477
101492
101496
101563
101565
101594
101600
101603
101604
101610
101627
101671
101700
101762
101781
101787
101792
101797
101816
101843
101867
101888
101926
102010
102011
102049
102075
102143
102147
102154
102160
102164
102175
102189
102205
102229
102234
102278
102292
102355
102356
102362
102371
102454
102462
102503
102510
102532
102558
102573
102606
102616
102653
102663
102675
102677
102718
102725
102728
102737
102739
102746
102750
102765
102769
102784
102793
102799
102800
102801
102837
102845
102906
102911
102919
102989
102994
103005
103021
103041
103058
103060
103062
103070
103149
103160
103199
103234
103242
103259
103266
103270
103272
103275
103277
103284
103285
103308
103323
103366
103367
103383
103384
103388
103401
103425
103435
103440
103466
103486
103501
103513
103520
103527
103539
103541
103565
103575
103580
103593
103599
103604
103608
103637
103648
103653
103662
103665
103683
103698
103703
103704
103733
103737
103742
103743
103751
103763
103774
103788
103809
103835
103843
103850
103852
103856
103865
103873
103874
103888
103889
103901
103912
103921
103925
103937
103992
104045
104054
104071
104108
104111
104160
104191
104195
104208
104232
104244
104248
104257
104269
104279
104308
104313
104316
104368
104380
104447
104457
104459
104470
104477
104490
104517
104546
104565
104566
104578
104593
104601
104614
104627
104639
104642
104643
104648
104659
104683
104688
104720
104723
104735
104765
104771
104776
104784
104800
104823
104828
104837
104840
104849
104866
104879
104890
104925
104929
104938
104956
105005
105014
105020
105021
105062
105066
105068
105096
105117
105129
105134
105150
105185
105186
105188
105200
105210
105237
105259
105275
105302
105307
105324
105343
105355
105360
105365
105385
105394
105401
105403
105431
105442
105509
105534
105558
105559
105569
105593
105595
105610
105642
105651
105664
105686
105702
105704
105732
105734
105769
105800
105806
105815
105843
105848
105857
105867
105869
105890
105903
105911
105920
105931
105942
105959
105976
105998
106026
106029
106031
106050
106051
106052
106056
106058
106083
106115
106139
106146
106149
106186
106197
106199
106218
106225
106226
106228
106253
106267
106290
106320
106331
106337
106344
106346
106362
106364
106366
106391
106397
106407
106454
106458
106471
106492
106495
106540
106580
106599
106613
106614
106645
106657
106681
106683
106699
106703
106719
106720
106737
106753
106771
106780
106801
106816
106851
106862
106867
106884
106892
106900
106917
106918
106932
106943
106946
106967
106976
106982
106987
106995
106996
107006
107010
107029
107038
107104
107115
107135
107171
107180
107184
107207
107234
107237
107242
107262
107309
107311
107315
107333
107334
107347
107375
107406
107439
107451
107468
107484
107498
107516
107518
107533
107580
107591
107594
107600
107613
107624
107648
107679
107681
107692
107709
107728
107744
107764
107784
107812
107818
107819
107822
107826
107856
107873
107887
107907
107959
107964
107974
107984
107999
108002
108005
108016
108084
108085
108106
108131
108138
108144
108150
108157
108166
108247
108284
108287
108314
108316
108353
108372
108400
108425
108435
108456
108458
108470
108471
108496
108530
108537
108539
108542
108550
108563
108593
108602
108629
108640
108671
108709
108721
108722
108723
108747
108749
108765
108805
108806
108823
108831
108864
108872
108892
108894
108910
108926
108981
108991
108994
108998
109041
109064
109091
109106
109114
109117
109145
109150
109160
109172
109173
109203
109206
109208
109224
109257
109300
109325
109340
109399
109406
109416
109426
109430
109444
109447
109453
109454
109478
109514
109519
109543
109616
109625
109651
109664
109693
109702
109758
109775
109785
109786
109814
109840
109849
109873
109896
109937
109942
109946
109948
109957
109966
109979
109980
110006
110034
110041
110069
110095
110101
110119
110120
110124
110125
110126
110160
110166
110172
110188
110193
110196
110204
110220
110233
110295
110310
110317
110341
110347
110365
110379
110383
110388
110399
110407
110413
110417
110421
110435
110468
110481
110490
110547
110567
110604
110611
110612
110613
110638
110643
110652
110662
110679
110684
110688
110744
110748
110769
110777
110779
110788
110800
110804
110862
110894
110937
110942
110946
110953
110954
110959
110966
110971
111003
111005
111014
111016
111027
111034
111058
111086
111096
111101
111133
111157
111176
111186
111220
111233
111239
111283
111294
111309
111311
111346
111363
111377
111392
111395
111409
111414
111428
111444
111467
111471
111499
111512
111557
111572
111580
111607
111616
111627
111644
111658
111662
111664
111689
111699
111702
111720
111734
111735
111746
111753
111809
111824
111845
111846
111871
111875
111886
111950
111979
111989
111998
112005
112013
112031
112070
112086
112094
112095
112100
112108
112131
112135
112138
112142
112182
112213
112219
112225
112235
112270
112298
112299
112366
112397
112437
112453
112459
112505
112508
112527
112546
112554
112570
112578
112585
112586
112607
112612
112629
112635
112636
112643
112694
112695
112703
112719
112730
112733
112799
112831
112833
112834
112863
112864
112879
112887
112906
112917
112936
112954
112969
112982
112987
113004
113015
113020
113025
113036
113040
113061
113074
113082
113090
113096
113098
113108
113119
113128
113142
113235
113236
113257
113266
113268
113275
113297
113307
113360
113411
113414
113437
113443
113466
113470
113482
113494
113498
113501
113511
113520
113530
113533
113556
113574
113587
113609
113610
113709
113731
113735
113747
113766
113768
113790
113794
113807
113833
113852
113856
113880
113886
113917
113922
113940
114019
114034
114046
114051
114092
114158
114168
114170
114178
114225
114242
114246
114269
114274
114280
114298
114299
114305
114320
114325
114352
114358
114371
114383
114396
114402
114455
114462
114498
114515
114537
114545
114569
114599
114652
114679
114699
114722
114734
114735
114763
114774
114775
114787
114792
114824
114846
114849
114853
114870
114871
114874
114879
114882
114968
114977
115011
115047
115051
115063
115066
115088
115101
115110
115133
115161
115175
115209
115245
115250
115275
115300
115326
115327
115333
115341
115343
115352
115357
115384
115427
115441
115444
115445
115446
115459
115470
115471
115483
115501
115517
115531
115545
115551
115554
115560
115567
115574
115587
115593
115604
115612
115627
115632
115662
115668
115705
115707
115715
115740
115768
115784
115787
115859
115884
115897
115912
115949
115967
116008
116011
116013
116023
116044
116052
116068
116082
116094
116114
116133
116153
116184
116198
116212
116244
116263
116303
116315
116321
116342
116345
116348
116350
116363
116364
116385
116397
116425
116426
116436
116458
116464
116466
116469
116490
116531
116575
116577
116580
116582
116608
116615
116655
116672
116688
116737
116744
116770
116771
116773
116782
116787
116822
116832
116841
116868
116902
116904
116931
116932
116938
116951
116958
116992
116998
117000
117016
117017
117046
117069
117072
117078
117159
117161
117179
117211
117219
117222
117228
117236
117292
117296
117308
117326
117332
117333
117340
117373
117402
117446
117459
117461
117463
117465
117472
117497
117500
117535
117539
117558
117561
117566
117612
117684
117695
117701
117745
117760
117771
117786
117804
117822
117828
117835
117857
117877
117889
117908
117926
117977
118004
118018
118043
118076
118082
118090
118093
118103
118114
118125
118126
118167
118202
118206
118210
118219
118228
118239
118258
118261
118267
118271
118280
118286
118289
118301
118318
118322
118327
118343
118349
118358
118371
118405
118410
118422
118424
118429
118451
118487
118516
118522
118557
118568
118575
118598
118602
118624
118643
118650
118679
118688
118733
118744
118757
118763
118767
118787
118803
118810
118828
118844
118888
118931
118963
118993
118996
119043
119066
119077
119085
119090
119119
119121
119125
119130
119139
119192
119239
119246
119255
119260
119300
119302
119325
119335
119340
119344
119351
119374
119395
119398
119403
119427
119435
119443
119473
119482
119488
119520
119535
119568
119576
119584
119657
119665
119680
119711
119738
119740
119742
119750
119788
119809
119835
119855
119860
119872
119922
119941
119955
119968
119978
119983
120000
120007
120018
120026
120029
120058
120071
120092
120096
120101
120105
120132
120140
120146
120166
120175
120176
120185
120205
120209
120213
120216
120248
120286
120288
120294
120299
120327
120350
120362
120368
120386
120394
120400
120420
120428
120431
120434
120438
120455
120466
120490
120495
120496
120504
120514
120519
120522
120525
120530
120585
120599
120609
120623
120634
120651
120655
120673
120704
120732
120740
120746
120755
120776
120779
120860
120876
120887
120896
120938
120946
120953
120973
120981
120985
120997
121008
121030
121045
121083
121092
121101
121172
121176
121219
121252
121270
121271
121282
121295
121298
121311
121326
121327
121335
121363
121370
121386
121404
121414
121429
121441
121464
121500
121505
121537
121577
121584
121622
121649
121665
121689
121736
121740
121741
121752
121760
121781
121785
121787
121801
121826
121844
121895
121916
121918
121944
121970
122009
122011
122039
122077
122119
122129
122156
122182
122211
122215
122218
122222
122254
122259
122280
122289
122292
122295
122308
122322
122323
122329
122366
122371
122405
122408
122413
122418
122482
122497
122525
122530
122537
122539
122562
122573
122580
122588
122633
122655
122656
122677
122678
122679
122696
122700
122703
122705
122723
122729
122757
122760
122764
122792
122796
122799
122806
122820
122835
122852
122861
122878
122882
122884
122898
122925
122959
123000
123006
123024
123058
123062
123065
123103
123104
123142
123150
123183
123184
123193
123197
123203
123213
123227
123255
123256
123262
123263
123273
123300
123302
123315
123326
123338
123347
123351
123365
123374
123384
123393
123395
123401
123403
123417
123425
123452
123456
123459
123469
123475
123478
123482
123491
123501
123512
123534
123541
123561
123566
123580
123618
123622
123631
123632
123638
123651
123658
123677
123719
123721
123724
123756
123759
123760
123819
123833
123846
123860
123884
123905
123913
123919
123932
123933
123965
123971
123994
124001
124022
124034
124042
124058
124074
124083
124087
124136
124145
124151
124155
124156
124183
124187
124214
124224
124264
124272
124299
124339
124346
124358
124365
124381
124385
124400
124404
124431
124434
124435
124436
124460
124485
124512
124529
124537
124567
124582
124587
124617
124628
124659
124675
124676
124791
124800
124854
124869
124870
124877
124880
124887
124890
124914
124947
124992
125041
125051
125059
125060
125086
125090
125145
125146
125192
125197
125200
125205
125220
125244
125267
125269
125276
125298
125300
125313
125340
125355
125361
125398
125435
125459
125470
125501
125560
125573
125576
125593
125599
125622
125625
125631
125657
125679
125700
125737
125740
125747
125766
125776
125781
125815
125853
125854
125857
125858
125860
125885
125918
125920
125927
125969
125990
126035
126040
126091
126123
126133
126152
126173
126179
126191
126192
126202
126211
126260
126284
126289
126296
126308
126337
126344
126354
126366
126391
126394
126422
126430
126432
126438
126441
126446
126454
126497
126513
126535
126540
126560
126569
126580
126595
126609
126636
126654
126664
126672
126677
126712
126715
126722
126731
126767
126771
126780
126781
126800
126835
126851
126860
126897
126909
126914
126916
126939
126955
126962
126971
126985
126989
127006
127016
127040
127050
127061
127074
127117
127118
127121
127151
127161
127169
127210
127212
127248
127249
127255
127274
127279
127285
127297
127308
127309
127355
127361
127362
127374
127378
127402
127414
127425
127426
127450
127463
127464
127478
127482
127488
127497
127526
127580
127589
127612
127624
127625
127629
127633
127644
127658
127659
127667
127674
127681
127691
127714
127726
127731
127737
127741
127753
127757
127786
127791
127832
127867
127882
127888
127924
127944
127951
127961
127983
127987
127993
128009
128036
128041
128045
128049
128069
128087
128097
128100
128103
128106
128125
128127
128140
128179
128183
128188
128203
128221
128222
128229
128234
128244
128250
128254
128264
128277
128287
128301
128350
128373
128384
128394
128411
128442
128448
128468
128493
128498
128503
128512
128530
128543
128551
128565
128581
128597
128610
128640
128662
128666
128689
128698
128706
128722
128762
128776
128779
128818
128849
128856
128876
128912
128945
128958
128972
128982
129004
129007
129008
129020
129076
129082
129085
129094
129095
129152
129176
129248
129253
129257
129266
129271
129344
129358
129382
129385
129388
129397
129398
129427
129429
129445
129470
129476
129554
129555
129559
129562
129563
129600
129610
129633
129638
129670
129681
129687
129691
129697
129767
129787
129791
129816
129817
129825
129833
129838
129875
129876
129878
129891
129898
129914
129926
129960
129963
129964
129970
129977
129989
130003
130019
130032
130089
130124
130129
130147
130152
130154
130258
130267
130272
130286
130287
130305
130343
130407
130434
130448
130465
130480
130528
130565
130603
130622
130623
130642
130665
130669
130675
130687
130711
130720
130732
130734
130738
130752
130776
130792
130793
130806
130820
130827
130838
130844
130852
130867
130899
130900
130910
130929
130931
130936
130947
130951
130954
130964
130967
130972
130981
130987
131006
131024
131048
131061
131066
131073
131104
131112
131126
131130
131132
131135
131146
131147
131152
131158
131194
131201
131204
131213
131221
131241
131247
131277
131292
131308
131309
131326
131377
131389
131398
131403
131412
131446
131482
131488
131491
131513
131515
131519
131536
131551
131595
131610
131616
131646
131649
131663
131667
131671
131674
131682
131689
131705
131714
131719
131734
131736
131746
131751
131761
131764
131770
131797
131798
131805
131808
131825
131852
131858
131881
131895
131899
131923
131941
131942
131958
131965
131969
131991
131992
131993
132012
132013
132022
132027
132060
132068
132072
132081
132106
132124
132134
132145
132155
132172
132187
132275
132281
132284
132293
132295
132298
132309
132318
132323
132342
132346
132351
132376
132389
132408
132422
132443
132445
132448
132475
132483
132490
132496
132529
132533
132557
132572
132615
132633
132636
132690
132708
132725
132738
132743
132780
132794
132800
132801
132809
132822
132857
132875
132879
132917
132925
132935
132967
132968
133004
133055
133071
133073
133081
133096
133110
133111
133135
133137
133149
133158
133161
133168
133185
133188
133190
133208
133219
133261
133279
133315
133325
133337
133340
133354
133360
133368
133376
133391
133447
133472
133518
133526
133560
133586
133620
133632
133644
133663
133679
133680
133683
133684
133739
133741
133750
133756
133774
133800
133810
133841
133867
133879
133891
133922
133948
133954
133960
133965
133976
133988
133991
134013
134036
134040
134044
134048
134065
134102
134113
134129
134132
134135
134138
134180
134188
134203
134210
134219
134226
134270
134297
134306
134329
134349
134353
134372
134387
134393
134430
134431
134447
134448
134464
134472
134473
134474
134476
134483
134484
134490
134511
134520
134537
134539
134541
134547
134562
134592
134597
134609
134636
134644
134713
134715
134718
134733
134789
134824
134828
134840
134860
134864
134877
134883
134893
134929
134940
134949
134952
134954
134982
134984
134986
135081
135090
135098
135102
135141
135143
135145
135158
135160
135161
135201
135202
135207
135209
135281
135287
135293
135305
135329
135334
135389
135391
135407
135422
135440
135443
135457
135485
135491
135516
135540
135543
135546
135583
135585
135619
135634
135637
135646
135747
135758
135838
135845
135849
135865
135890
135941
135958
135986
135993
136018
136037
136053
136097
136100
136115
136128
136134
136135
136164
136172
136227
136241
136246
136253
136261
136287
136289
136291
136352
136363
136365
136385
136394
136408
136424
136436
136443
136467
136489
136508
136526
136539
136543
136610
136628
136639
136659
136661
136665
136716
136717
136748
136756
136780
136834
136854
136863
136871
136886
136889
136899
136912
136922
136931
136953
136983
136991
137002
137071
137081
137094
137123
137146
137167
137195
137207
137224
137230
137231
137259
137278
137306
137307
137320
137325
137335
137340
137345
137350
137402
137409
137415
137426
137443
137456
137490
137497
137505
137506
137510
137534
137539
137553
137560
137568
137585
137644
137656
137674
137677
137694
137717
137719
137723
137731
137749
137766
137788
137795
137820
137831
137832
137836
137843
137848
137853
137855
137856
137860
137861
137865
137884
137893
137900
137917
137944
137946
137951
137959
137966
137984
138041
138049
138085
138086
138092
138099
138104
138131
138156
138163
138167
138170
138175
138230
138264
138328
138334
138366
138367
138372
138392
138396
138404
138405
138424
138434
138444
138450
138493
138495
138496
138526
138538
138540
138551
138562
138614
138625
138627
138650
138653
138662
138668
138704
138705
138816
138823
138841
138854
138872
138882
138897
138909
138912
138932
138937
138951
138954
138961
138969
138979
138995
138999
139005
139040
139066
139080
139107
139116
139117
139137
139166
139183
139198
139204
139219
139228
139244
139274
139281
139286
139291
139320
139349
139357
139372
139376
139403
139460
139492
139494
139495
139519
139533
139553
139592
139609
139617
139623
139653
139654
139710
139714
139724
139726
139737
139747
139760
139790
139810
139824
139860
139867
139881
139943
139950
139969
139974
140002
140007
140015
140031
140033
140070
140092
140100
140106
140110
140136
140138
140251
140252
140255
140269
140288
140301
140313
140314
140327
140354
140367
140371
140376
140396
140423
140434
140454
140519
140521
140538
140542
140549
140555
140589
140602
140624
140645
140659
140680
140716
140717
140731
140744
140751
140761
140809
140828
140874
140881
140975
140976
140990
140991
140997
140998
141000
141008
141017
141037
141039
141042
141050
141066
141094
141100
141106
141163
141172
141188
141191
141193
141202
141205
141208
141210
141214
141228
141277
141286
141294
141322
141325
141326
141356
141375
141380
141400
141403
141410
141419
141424
141428
141438
141440
141447
141457
141471
141500
141501
141514
141533
141567
141570
141580
141581
141583
141635
141650
141670
141810
141828
141872
141932
141941
141943
142008
142019
142027
142048
142063
142075
142096
142103
142122
142123
142130
142149
142153
142187
142195
142213
142236
142241
142267
142285
142296
142299
142300
142321
142336
142353
142354
142355
142379
142382
142386
142394
142398
142401
142409
142413
142418
142432
142441
142444
142466
142484
142498
142501
142512
142520
142521
142558
142561
142611
142614
142619
142644
142645
142661
142674
142711
142733
142742
142750
142755
142758
142777
142788
142794
142822
142825
142857
142872
142874
142882
142883
142887
142889
142891
142895
142903
142929
142939
142959
142964
142977
142994
142996
143020
143023
143047
143105
143141
143207
143220
143222
143223
143228
143244
143262
143263
143265
143284
143356
143360
143400
143401
143410
143415
143428
143429
143452
143474
143500
143501
143517
143540
143550
143551
143559
143583
143584
143632
143636
143654
143667
143672
143681
143688
143710
143744
143750
143755
143763
143769
143791
143804
143812
143829
143833
143855
143859
143874
143909
143923
143924
143936
143951
143965
143966
143983
143986
143987
144015
144056
144065
144074
144120
144122
144123
144128
144140
144155
144189
144207
144211
144229
144239
144243
144274
144290
144313
144325
144337
144363
144393
144459
144464
144489
144502
144518
144520
144525
144543
144556
144566
144576
144594
144597
144599
144600
144613
144616
144656
144660
144697
144706
144710
144731
144732
144741
144811
144819
144820
144833
144860
144887
144915
144917
144931
144939
144956
144969
144970
145014
145040
145044
145061
145099
145109
145121
145141
145152
145172
145192
145228
145231
145257
145308
145319
145320
145327
145345
145352
145403
145409
145411
145418
145433
145438
145453
145477
145489
145523
145538
145547
145565
145591
145631
145633
145655
145673
145675
145688
145692
145693
145696
145697
145716
145739
145777
145825
145870
145875
145888
145904
145936
145937
146017
146048
146079
146084
146089
146105
146106
146123
146130
146154
146170
146177
146204
146251
146259
146266
146276
146285
146291
146313
146319
146320
146355
146362
146380
146426
146484
146486
146502
146510
146529
146534
146553
146574
146585
146588
146604
146628
146639
146646
146667
146669
146674
146675
146679
146707
146711
146745
146759
146791
146806
146829
146850
146858
146860
146881
146905
146916
146928
146952
146978
147053
147067
147075
147118
147128
147168
147177
147185
147195
147198
147210
147243
147256
147273
147292
147338
147375
147395
147397
147422
147426
147437
147438
147448
147455
147461
147466
147469
147477
147539
147557
147571
147598
147599
147612
147633
147647
147655
147669
147692
147710
147734
147747
147767
147777
147778
147781
147797
147803
147814
147823
147830
147849
147858
147860
147862
147865
147886
147899
147907
147941
147956
147981
148005
148034
148040
148043
148058
148091
148120
148124
148135
148163
148173
148212
148228
148240
148253
148254
148283
148302
148312
148313
148333
148336
148342
148346
148411
148448
148454
148483
148488
148498
148501
148511
148541
148552
148564
148567
148571
148602
148604
148631
148659
148670
148687
148690
148693
148706
148722
148755
148802
148806
148811
148812
148816
148848
148852
148866
148868
148912
148926
148934
148945
148947
148954
148959
148978
148998
149044
149058
149059
149072
149095
149106
149124
149173
149183
149201
149221
149233
149237
149248
149269
149271
149282
149297
149346
149361
149372
149374
149397
149416
149417
149515
149531
149539
149578
149593
149600
149606
149613
149695
149703
149733
149800
149826
149834
149837
149873
149894
149895
149909
149910
149914
149933
149947
149949
149952
149956
149972
149973
150003
150034
150053
150065
150068
150075
150079
150100
150115
150197
150218
150232
150245
150258
150262
150294
150301
150313
150331
150369
150386
150414
150498
150537
150539
150549
150555
150557
150597
150607
150609
150623
150628
150639
150646
150668
150687
150690
150720
150783
150788
150803
150819
150825
150836
150860
150871
150876
150887
150948
150949
150981
150983
150991
151024
151062
151091
151094
151098
151099
151104
151126
151129
151148
151150
151157
151178
151187
151192
151260
151310
151350
151383
151389
151393
151403
151431
151449
151467
151487
151511
151524
151525
151530
151547
151580
151581
151592
151596
151607
151614
151624
151661
151664
151682
151683
151721
151737
151746
151747
151753
151768
151775
151786
151808
151812
151825
151826
151857
151868
151880
151881
151920
151928
151935
151939
151964
151998
152006
152007
152016
152021
152027
152058
152073
152074
152114
152117
152127
152131
152137
152178
152186
152194
152202
152203
152213
152225
152233
152244
152256
152264
152279
152281
152307
152329
152387
152395
152428
152453
152468
152478
152508
152515
152536
152545
152576
152629
152634
152667
152680
152695
152706
152719
152733
152746
152754
152778
152792
152814
152817
152874
152886
152892
152901
152940
152942
152961
152965
152989
152994
153020
153021
153028
153046
153088
153091
153116
153123
153141
153145
153147
153191
153214
153227
153248
153311
153312
153316
153322
153334
153348
153383
153396
153402
153469
153482
153484
153510
153523
153527
153539
153541
153542
153546
153550
153580
153587
153588
153595
153597
153629
153655
153658
153659
153664
153666
153707
153728
153778
153782
153783
153797
153805
153914
153923
153932
153975
153977
154010
154018
154020
154048
154053
154060
154162
154181
154183
154195
154198
154202
154203
154206
154237
154239
154258
154295
154306
154312
154315
154324
154326
154344
154359
154382
154398
154403
154422
154480
154481
154495
154503
154512
154514
154521
154528
154591
154603
154616
154625
154640
154641
154647
154666
154673
154685
154698
154707
154717
154725
154731
154748
154768
154779
154794
154809
154823
154840
154848
154853
154905
154909
154930
154948
154952
155011
155039
155048
155050
155065
155073
155120
155142
155147
155148
155166
155193
155230
155240
155244
155260
155267
155303
155339
155349
155374
155381
155417
155455
155478
155482
155498
155512
155523
155547
155555
155568
155583
155584
155641
155669
155676
155689
155708
155709
155776
155784
155801
155809
155816
155820
155829
155848
155862
155865
155872
155877
155893
155910
155918
155931
155939
155940
156016
156034
156043
156057
156072
156078
156086
156104
156126
156144
156153
156189
156193
156221
156225
156233
156303
156360
156383
156389
156391
156396
156407
156423
156432
156455
156456
156495
156512
156537
156551
156584
156603
156604
156607
156609
156618
156633
156642
156668
156678
156689
156696
156702
156703
156714
156723
156729
156732
156798
156803
156816
156832
156839
156842
156843
156869
156870
156899
156902
156911
156931
156935
156936
156990
157013
157043
157045
157067
157084
157099
157105
157116
157143
157153
157159
157178
157185
157196
157240
157258
157273
157291
157299
157303
157306
157338
157378
157411
157420
157428
157443
157444
157447
157459
157474
157483
157489
157502
157509
157522
157528
157594
157599
157619
157620
157635
157704
157708
157720
157728
157757
157786
157788
157796
157809
157874
157879
157948
157957
157969
157984
157992
157998
158017
158052
158071
158088
158094
158108
158120
158132
158147
158173
158197
158234
158235
158246
158247
158250
158262
158286
158292
158295
158328
158344
158354
158359
158363
158399
158437
158478
158480
158484
158494
158496
158550
158557
158577
158588
158617
158649
158650
158663
158670
158698
158722
158747
158786
158792
158804
158836
158847
158850
158897
158919
158931
158962
158972
159013
159022
159030
159052
159071
159099
159119
159125
159156
159180
159202
159205
159218
159225
159230
159241
159269
159275
159309
159320
159326
159327
159330
159342
159392
159407
159408
159458
159470
159549
159565
159583
159587
159611
159629
159639
159656
159660
159669
159677
159697
159698
159715
159749
159762
159779
159798
159807
159810
159825
159829
159853
159862
159904
159921
159928
159950
159955
159973
159980
159986
160012
160034
160042
160043
160076
160102
160126
160131
160136
160147
160153
160163
160172
160182
160205
160216
160231
160276
160286
160312
160325
160337
160346
160347
160363
160367
160371
160373
160392
160419
160442
160445
160447
160465
160470
160483
160504
160527
160531
160538
160542
160555
160559
160561
160563
160571
160610
160629
160661
160680
160702
160708
160724
160735
160790
160796
160805
160820
160854
160857
160860
160875
160895
160908
160922
160925
160930
160949
160955
160968
160988
161008
161013
161036
161080
161120
161134
161188
161213
161218
161220
161224
161280
161313
161318
161328
161341
161365
161414
161455
161468
161470
161475
161479
161488
161551
161554
161571
161593
161608
161609
161610
161621
161625
161638
161641
161642
161667
161707
161733
161745
161766
161771
161776
161798
161809
161847
161860
161885
161899
161926
161938
161944
161951
161954
161956
161958
161977
162017
162029
162054
162056
162067
162079
162089
162091
162109
162112
162121
162136
162149
162168
162170
162172
162187
162226
162242
162269
162278
162288
162295
162331
162341
162357
162382
162390
162428
162442
162468
162475
162488
162494
162515
162517
162539
162548
162578
162586
162589
162645
162674
162688
162691
162714
162743
162758
162791
162800
162801
162804
162813
162826
162845
162866
162873
162876
162886
162896
162913
162928
162934
162964
162978
163000
163026
163052
163079
163087
163096
163101
163112
163122
163135
163139
163145
163152
163168
163190
163192
163202
163213
163226
163260
163301
163316
163337
163370
163396
163430
163484
163496
163507
163519
163523
163526
163557
163573
163579
163629
163630
163672
163689
163717
163756
163786
163793
163801
163831
163836
163842
163852
163860
163865
163875
163882
163888
163908
163919
163920
163921
163933
163940
163944
163945
163960
163988
163993
164037
164038
164059
164067
164074
164092
164099
164121
164152
164172
164201
164224
164226
164241
164242
164261
164262
164288
164294
164304
