2	0
6	0
7	0
8	0
10	0
11	0
14	0
15	0
17	1
19	0
22	0
41	0
49	0
50	0
54	0
56	0
69	0
77	0
78	1
80	0
87	0
88	0
91	0
94	0
97	0
107	0
112	0
114	0
117	0
118	0
122	0
124	1
128	0
130	0
135	0
142	0
143	0
145	0
150	0
151	0
158	0
160	0
162	0
165	0
173	1
175	0
178	0
179	0
182	0
184	0
185	0
186	0
189	0
196	0
200	0
208	0
211	0
222	0
223	0
225	0
228	0
229	0
230	0
236	0
237	0
241	0
243	1
254	0
256	0
257	0
258	0
260	0
264	0
267	0
269	0
272	0
280	1
283	0
286	1
287	0
289	0
291	0
293	0
300	0
302	1
307	0
310	0
312	1
313	0
314	1
316	0
319	0
324	0
328	0
329	0
337	0
348	0
351	0
354	0
356	0
358	0
360	0
370	0
374	0
375	0
377	1
378	0
384	0
386	1
392	0
397	0
399	1
403	0
407	0
408	0
412	1
414	0
415	0
419	0
425	0
429	0
432	0
437	0
445	0
447	0
448	0
450	0
451	0
456	0
457	0
459	0
460	0
467	0
468	0
469	0
472	0
475	0
476	0
479	0
480	0
483	0
485	0
487	0
494	1
497	0
510	0
514	0
515	0
518	0
523	0
530	0
532	0
534	0
535	0
537	0
542	0
543	0
544	0
546	0
548	0
554	1
561	0
564	0
567	0
572	0
573	1
578	0
579	1
580	0
583	0
584	0
596	1
602	0
607	0
616	0
619	1
622	0
626	0
627	0
628	0
630	1
634	0
640	0
641	0
642	0
643	0
647	0
648	0
654	0
659	1
663	0
665	0
671	0
674	0
676	1
678	0
683	1
688	0
691	0
693	0
694	0
704	0
707	0
713	0
715	0
718	1
722	0
723	0
725	1
729	0
731	0
738	0
742	0
743	0
744	0
752	0
756	0
757	0
758	0
761	0
771	0
772	0
773	0
779	0
781	1
783	0
784	0
786	0
787	0
793	0
799	0
808	0
809	0
810	0
819	0
829	0
831	0
833	0
835	0
836	0
838	0
845	0
846	0
850	0
853	0
854	0
866	0
872	0
874	0
877	0
878	0
879	0
880	0
888	0
894	0
896	0
897	0
902	0
904	0
908	0
909	0
911	0
918	0
919	0
921	0
928	0
931	0
935	0
938	0
939	0
942	0
944	0
951	0
952	0
957	0
959	0
961	0
966	0
970	0
971	0
973	0
979	0
982	0
983	0
987	0
989	1
991	0
993	0
994	0
1002	0
1006	0
1011	1
1013	0
1014	0
1016	0
1023	0
1024	0
1033	0
1036	0
1037	0
1040	0
1044	0
1047	0
1049	0
1051	0
1052	0
1055	0
1057	1
1064	0
1065	0
1070	0
1078	0
1079	0
1083	0
1090	0
1094	0
1098	0
1101	0
1104	0
1109	0
1111	1
1116	0
1119	0
1121	0
1125	0
1130	0
1143	0
1145	0
1146	0
1148	1
1153	0
1155	0
1165	0
1167	0
1170	0
1181	0
1189	0
1191	0
1194	0
1202	0
1203	0
1206	0
1207	0
1211	1
1218	0
1225	0
1228	0
1230	1
1232	1
1234	0
1236	1
1238	0
1239	0
1244	0
1245	0
1250	0
1256	0
1258	0
1266	1
1269	0
1270	0
1271	1
1273	0
1277	0
1279	0
1281	0
1295	0
1299	0
1300	0
1306	0
1307	0
1309	0
1311	0
1312	0
1313	0
1315	0
1317	0
1323	0
1325	0
1329	0
1331	0
1332	0
1337	0
1343	0
1344	1
1345	0
1350	0
1351	0
1355	1
1360	0
1362	0
1363	0
1366	0
1367	0
1371	0
1373	0
1377	0
1380	0
1381	0
1383	1
1386	1
1387	0
1394	0
1395	0
1396	0
1401	1
1403	0
1406	1
1407	0
1408	0
1409	0
1411	0
1414	1
1415	1
1416	0
1417	0
1418	0
1425	0
1427	0
1430	0
1436	0
1440	0
1442	1
1443	1
1452	1
1459	0
1460	1
1463	0
1466	1
1467	0
1469	0
1471	0
1472	0
1477	0
1479	0
1481	0
1488	0
1503	0
1506	1
1515	0
1517	0
1520	0
1521	0
1523	0
1531	0
1533	0
1534	0
1536	0
1537	0
1539	0
1540	0
1541	0
1551	0
1558	0
1559	0
1560	0
1562	0
1564	0
1573	0
1576	0
1586	0
1588	0
1595	0
1596	0
1597	0
1604	0
1605	0
1608	0
1610	0
1611	0
1616	1
1617	0
1621	0
1625	0
1631	0
1644	0
1645	1
1647	0
1651	0
1663	0
1664	0
1667	0
1668	1
1674	0
1677	0
1685	0
1687	0
1698	0
1701	0
1702	0
1705	0
1710	0
1711	0
1718	0
1724	0
1729	0
1737	0
1739	0
1742	0
1749	0
1754	1
1756	0
1758	0
1765	0
1766	0
1769	0
1773	0
1784	0
1792	1
1798	0
1801	0
1806	0
1807	0
1808	0
1816	0
1818	0
1819	0
1821	0
1823	0
1826	1
1827	0
1833	0
1837	0
1840	0
1854	0
1858	0
1859	0
1860	0
1863	0
1867	0
1869	0
1874	0
1877	1
1882	0
1883	0
1884	0
1893	0
1895	0
1898	0
1901	1
1902	0
1903	0
1904	0
1909	0
1910	0
1918	0
1923	0
1925	0
1927	0
1928	0
1931	0
1932	0
1934	0
1935	0
1941	0
1942	0
1943	0
1945	0
1947	0
1952	0
1956	0
1958	0
1960	0
1961	0
1963	0
1967	1
1971	0
1982	0
1983	0
1985	1
1988	0
2001	0
2004	0
2008	0
2012	0
2024	0
2025	0
2029	1
2037	0
2039	0
2040	0
2043	0
2049	0
2050	0
2051	0
2057	0
2060	0
2064	0
2068	0
2081	0
2082	0
2083	0
2088	0
2090	0
2097	0
2100	0
2101	0
2104	0
2107	0
2113	0
2114	0
2121	0
2122	0
2125	0
2126	0
2130	0
2134	0
2135	0
2136	0
2142	0
2145	0
2159	0
2160	0
2163	0
2165	0
2166	0
2167	0
2168	0
2169	0
2180	0
2181	0
2195	0
2200	0
2201	0
2203	0
2206	0
2207	0
2216	0
2231	0
2236	0
2237	0
2242	0
2244	0
2245	0
2246	0
2248	0
2251	0
2258	0
2264	0
2267	0
2269	0
2272	0
2273	0
2276	0
2286	0
2287	0
2293	0
2294	0
2302	0
2305	0
2306	0
2310	0
2313	0
2314	0
2316	0
2320	0
2321	0
2329	0
2331	0
2333	1
2338	0
2340	0
2342	0
2343	0
2346	0
2352	0
2355	0
2358	0
2363	0
2369	0
2370	0
2371	0
2372	0
2373	0
2378	0
2380	0
2383	0
2385	1
2388	0
2390	0
2394	0
2396	0
2398	0
2400	0
2401	0
2403	0
2404	0
2405	0
2408	0
2410	0
2411	0
2412	0
2417	0
2418	0
2421	1
2423	0
2426	0
2432	0
2433	0
2434	0
2438	0
2440	0
2444	0
2448	1
2455	0
2458	0
2459	1
2462	1
2468	0
2469	0
2471	0
2472	0
2474	0
2487	0
2488	0
2490	0
2491	0
2492	0
2494	0
2497	0
2499	0
2501	0
2505	0
2506	1
2508	0
2509	0
2510	0
2511	0
2512	0
2513	0
2519	0
2520	0
2529	0
2530	0
2533	0
2535	0
2537	0
2538	0
2539	0
2541	0
2547	0
2548	1
2550	1
2552	0
2554	0
2556	0
2558	0
2562	0
2563	0
2579	0
2582	0
2584	0
2588	0
2590	0
2592	0
2593	0
2594	0
2598	0
2603	0
2607	0
2610	0
2613	0
2617	0
2618	0
2619	0
2624	0
2630	0
2633	0
2643	0
2648	0
2649	0
2651	0
2653	0
2654	0
2662	0
2664	0
2672	0
2677	0
2681	0
2682	0
2684	0
2685	1
2686	1
2690	0
2691	0
2692	0
2693	1
2695	0
2701	0
2706	1
2711	0
2713	0
2718	0
2719	0
2723	0
2724	0
2726	0
2729	0
2730	0
2731	0
2745	0
2747	0
2754	0
2758	0
2763	0
2765	0
2766	0
2776	0
2777	0
2779	1
2782	0
2783	0
2786	0
2791	0
2793	0
2794	0
2795	0
2797	0
2800	0
2803	0
2805	0
2814	0
2816	0
2825	0
2828	0
2830	0
2831	0
2832	0
2833	0
2834	0
2835	0
2836	0
2841	0
2842	0
2847	0
2850	0
2853	0
2854	0
2862	0
2866	0
2870	0
2872	0
2875	0
2877	0
2878	0
2884	0
2885	0
2895	0
2897	0
2899	0
2910	0
2911	1
2912	0
2913	1
2917	0
2920	0
2921	0
2925	0
2926	1
2927	0
2928	0
2930	0
2932	0
2939	0
2941	0
2942	1
2944	0
2947	0
2949	0
2952	0
2953	0
2954	0
2960	0
2963	0
2964	0
2965	0
2969	0
2974	0
2976	0
2978	0
2981	0
2985	0
2988	0
2996	0
2998	0
2999	1
3002	0
3004	0
3006	0
3009	0
3012	0
3013	0
3023	0
3036	0
3038	0
3040	0
3041	0
3044	1
3049	0
3052	0
3055	0
3063	1
3064	0
3069	0
3071	0
3072	0
3074	0
3079	0
3080	0
3088	0
3089	0
3092	0
3094	0
3095	0
3096	0
3102	0
3105	0
3106	0
3113	0
3117	0
3120	0
3124	0
3137	0
3138	0
3143	0
3147	1
3161	0
3163	0
3164	0
3165	0
3166	0
3171	0
3172	0
3173	0
3175	0
3176	0
3194	0
3195	0
3198	0
3204	0
3208	0
3209	0
3223	0
3224	0
3228	0
3229	1
3232	0
3241	0
3246	0
3248	0
3249	0
3250	0
3254	0
3255	0
3256	0
3257	0
3260	0
3265	0
3266	1
3270	0
3271	0
3274	0
3276	0
3277	0
3278	0
3284	0
3287	0
3293	0
3296	0
3298	0
3299	0
3302	0
3306	0
3308	0
3309	0
3313	0
3314	0
3328	0
3329	0
3333	0
3334	0
3337	0
3343	0
3348	0
3350	1
3352	0
3353	0
3354	0
3357	0
3360	0
3361	0
3362	0
3365	1
3367	0
3376	0
3377	1
3379	0
3381	0
3385	0
3386	0
3388	0
3390	0
3394	1
3399	0
3404	0
3405	0
3407	0
3408	0
3413	0
3414	0
3419	0
3422	0
3427	0
3428	0
3429	0
3431	1
3434	0
3435	1
3437	0
3440	0
3447	0
3448	0
3452	0
3453	0
3460	0
3462	0
3465	0
3466	0
3468	0
3469	0
3470	1
3475	0
3477	0
3480	0
3482	0
3483	0
3484	0
3485	0
3487	0
3493	0
3494	0
3499	0
3500	0
3506	0
3516	0
3522	0
3523	0
3528	0
3529	0
3535	0
3537	0
3544	0
3553	0
3557	0
3558	0
3563	0
3566	0
3567	0
3570	0
3574	0
3576	0
3582	0
3586	0
3587	0
3588	1
3591	0
3592	0
3599	0
3600	0
3603	0
3604	0
3610	0
3611	0
3612	0
3615	0
3618	0
3626	0
3649	0
3650	0
3652	0
3657	0
3659	0
3664	0
3665	0
3666	0
3669	0
3673	0
3675	0
3681	0
3682	0
3684	0
3689	0
3693	0
3694	0
3696	0
3699	0
3701	0
3702	0
3703	0
3706	0
3709	0
3710	0
3712	0
3714	0
3721	0
3722	0
3724	0
3726	0
3727	0
3729	0
3730	0
3731	0
3733	0
3734	0
3735	0
3737	0
3741	0
3743	0
3747	0
3750	0
3756	0
3757	0
3758	0
3764	0
3765	0
3766	0
3771	0
3772	0
3777	0
3778	0
3781	0
3787	0
3791	0
3797	0
3803	1
3806	1
3812	0
3814	0
3815	0
3818	0
3821	0
3823	0
3824	0
3828	0
3831	0
3845	0
3847	0
3848	0
3851	0
3855	0
3857	0
3860	0
3865	0
3867	0
3868	0
3871	0
3876	0
3879	0
3882	0
3885	0
3886	1
3888	1
3889	0
3892	0
3900	0
3903	0
3904	0
3905	0
3906	0
3909	0
3914	0
3916	0
3917	0
3920	0
3924	0
3936	0
3937	0
3938	0
3942	0
3949	0
3950	0
3953	1
3959	0
3960	0
3962	0
3963	0
3969	1
3970	0
3971	0
3972	0
3976	0
3977	0
3978	0
3982	0
3983	0
3990	0
3996	0
3997	1
3998	0
3999	0
4000	0
4006	0
4009	0
4012	0
4015	0
4020	0
4021	0
4022	0
4023	0
4032	0
4034	0
4038	0
4041	1
4042	1
4045	0
4048	1
4051	1
4053	1
4056	1
4057	1
4066	0
4067	1
4075	1
4076	1
4078	1
4080	1
4083	1
4087	1
4089	1
4100	1
4101	1
4102	0
4104	1
4106	1
4110	1
4111	1
4114	1
4117	1
4120	1
4122	1
4123	1
4128	1
4129	1
4130	1
4132	1
4133	1
4136	1
4137	1
4139	1
4140	1
4142	1
4149	1
4150	1
4153	0
4155	1
4156	0
4157	1
4161	1
4163	1
4165	1
4167	1
4170	1
4171	1
4180	1
4181	1
4182	1
4185	1
4186	0
4187	1
4188	0
4189	1
4190	1
4191	1
4201	1
4205	1
4208	1
4209	1
4216	1
4218	1
4219	1
4221	1
4223	1
4226	1
4231	0
4234	1
4238	1
4242	0
4243	1
4250	0
4253	1
4259	1
4261	1
4268	1
4271	1
4273	1
4280	1
4283	1
4286	1
4292	1
4298	1
4306	0
4307	1
4310	0
4311	1
4318	0
4325	1
4331	1
4336	1
4339	1
4341	1
4342	1
4343	1
4345	1
4348	1
4352	1
4360	1
4364	1
4365	1
4374	1
4395	0
4396	1
4402	1
4407	1
4418	1
4421	1
4422	1
4425	1
4426	1
4429	1
4435	1
4436	1
4444	1
4446	1
4447	1
4452	1
4455	1
4461	1
4472	1
4473	1
4476	1
4478	1
4482	1
4486	1
4488	1
4490	1
4493	1
4494	1
4495	1
4496	0
4504	1
4507	0
4508	1
4509	1
4516	1
4517	0
4518	0
4522	1
4527	1
4528	1
4537	1
4539	1
4548	1
4551	0
4552	1
4556	1
4557	1
4564	1
4566	1
4567	1
4572	1
4573	1
4581	1
4584	1
4586	1
4587	1
4590	1
4597	1
4607	1
4610	1
4612	1
4623	1
4628	1
4631	1
4633	1
4634	0
4636	1
4640	1
4643	1
4645	1
4650	1
4651	1
4660	1
4664	1
4665	1
4666	1
4671	1
4674	1
4678	1
4680	1
4681	1
4684	1
4688	1
4690	0
4691	1
4692	1
4703	1
4710	1
4713	1
4716	1
4720	1
4725	1
4730	1
4737	1
4738	1
4743	1
4749	0
4755	0
4759	1
4760	1
4765	1
4768	0
4769	1
4776	1
4786	1
4790	1
4791	0
4792	1
4803	1
4806	1
4807	1
4808	1
4810	1
4811	1
4812	1
4818	1
4822	1
4827	1
4828	1
4831	1
4833	1
4835	1
4839	1
4843	1
4846	1
4848	1
4851	1
4867	0
4870	1
4873	1
4874	1
4877	1
4880	1
4882	1
4883	1
4884	1
4885	1
4886	1
4890	1
4895	1
4896	1
4900	1
4905	1
4908	0
4913	1
4915	1
4917	1
4918	0
4920	1
4926	1
4927	1
4937	1
4943	0
4944	1
4945	1
4948	1
4957	0
4960	1
4964	1
4984	1
4987	1
4989	1
4990	1
4992	1
4994	0
4996	1
4997	1
4999	1
5001	1
5002	1
5005	1
5007	1
5009	1
5014	1
5020	1
5021	1
5022	1
5023	1
5032	1
5037	1
5038	1
5039	1
5041	1
5044	1
5048	1
5053	1
5054	1
5059	1
5061	1
5069	1
5074	1
5075	1
5076	1
5077	1
5079	1
5081	1
5085	1
5087	1
5088	0
5094	1
5095	1
5097	1
5102	1
5105	1
5107	1
5108	1
5111	1
5117	1
5120	1
5126	1
5129	1
5132	1
5135	1
5139	1
5141	1
5146	1
5151	1
5157	1
5158	1
5162	1
5166	1
5175	1
5177	1
5183	1
5184	1
5188	1
5192	1
5193	1
5198	1
5199	1
5204	1
5205	1
5211	1
5218	1
5220	0
5223	0
5225	1
5226	0
5227	1
5229	1
5234	1
5237	1
5238	1
5241	1
5249	1
5258	1
5262	1
5263	1
5264	0
5266	1
5267	1
5281	1
5284	1
5293	1
5294	1
5295	1
5296	1
5297	1
5298	1
5300	1
5303	1
5312	0
5319	1
5321	1
5322	1
5328	0
5333	1
5336	1
5341	0
5345	1
5350	0
5351	0
5358	1
5364	1
5366	1
5367	1
5376	1
5378	1
5382	1
5384	1
5385	1
5389	1
5393	1
5394	1
5395	1
5397	0
5399	1
5405	1
5406	1
5409	1
5412	1
5416	1
5419	1
5424	0
5426	1
5430	0
5433	1
5440	1
5443	0
5444	1
5445	1
5447	1
5450	1
5455	1
5456	0
5459	1
5463	1
5468	0
5470	1
5471	1
5472	1
5476	1
5483	1
5486	1
5492	1
5494	1
5497	1
5500	1
5501	0
5508	1
5509	1
5510	1
5517	1
5521	1
5525	1
5531	1
5538	1
5542	1
5543	1
5547	1
5550	1
5552	1
5553	1
5557	0
5561	1
5563	1
5565	1
5566	1
5567	1
5569	1
5573	1
5574	1
5580	1
5581	1
5587	1
5590	1
5591	1
5592	1
5594	1
5595	1
5596	1
5607	1
5611	1
5615	1
5616	0
5617	1
5618	1
5622	1
5623	1
5631	1
5632	1
5641	1
5642	0
5644	1
5650	1
5652	1
5658	0
5662	1
5666	0
5668	1
5670	1
5671	0
5683	1
5684	0
5685	1
5686	1
5694	1
5696	1
5699	1
5700	1
5709	1
5710	1
5714	1
5725	1
5727	1
5731	1
5739	1
5742	1
5744	1
5747	1
5755	1
5760	1
5761	1
5762	1
5766	1
5768	1
5777	1
5781	1
5783	0
5789	1
5793	1
5796	0
5797	1
5798	1
5799	1
5800	0
5802	1
5803	1
5804	1
5805	1
5807	1
5820	1
5821	1
5826	1
5827	1
5829	1
5830	1
5836	1
5840	1
5842	1
5846	1
5852	1
5856	1
5859	1
5862	1
5864	0
5868	0
5871	1
5873	1
5877	1
5896	1
5898	1
5901	1
5905	1
5907	1
5908	1
5913	1
5915	1
5916	1
5917	1
5919	1
5920	1
5925	1
5928	1
5930	1
5931	1
5935	1
5937	1
5943	1
5945	0
5948	1
5972	1
5973	1
5975	1
5977	1
5982	1
5983	1
5984	1
5996	0
5998	1
5999	1
6003	1
6007	1
6008	1
6009	0
6015	1
6018	1
6019	1
6021	1
6022	1
6024	1
6029	1
6035	1
6036	1
6039	1
6041	0
6043	1
6044	1
6045	1
6051	1
6052	1
6056	1
6057	1
6058	0
6061	1
6066	1
6068	0
6069	1
6071	1
6072	1
6077	1
6079	1
6085	1
6087	1
6091	1
6094	1
6100	1
6101	1
6106	1
6108	0
6110	1
6115	1
6118	1
6124	0
6128	1
6135	1
6145	1
6147	1
6148	1
6152	1
6157	0
6158	1
6160	1
6161	1
6166	1
6168	1
6169	1
6170	1
6173	1
6174	1
6177	1
6179	1
6180	1
6182	1
6183	1
6188	0
6189	1
6193	1
6197	1
6198	0
6199	1
6201	1
6203	1
6204	0
6207	1
6209	1
6215	1
6218	1
6219	1
6224	1
6225	1
6228	1
6230	1
6232	0
6233	1
6235	1
6244	1
6245	1
6256	1
6262	1
6263	1
6265	1
6267	1
6268	1
6270	1
6272	1
6280	1
6281	1
6285	1
6286	1
6287	1
6288	1
6298	1
6300	1
6301	0
6302	1
6304	1
6310	0
6314	1
6315	1
6318	1
6326	1
6329	1
6331	1
6333	1
6335	1
6351	1
6363	1
6365	1
6371	1
6376	1
6381	1
6382	1
6384	1
6385	1
6387	1
6393	1
6396	1
6399	1
6400	1
6401	0
6403	0
6405	1
6410	1
6413	0
6418	1
6426	1
6428	1
6430	1
6432	1
6433	1
6436	1
6437	1
6439	1
6442	1
6444	1
6446	1
6448	0
6452	1
6453	1
6455	1
6458	1
6462	0
6465	1
6470	1
6478	1
6479	1
6482	1
6484	1
6493	1
6496	1
6497	1
6501	1
6503	1
6506	1
6507	0
6510	1
6513	1
6514	1
6517	1
6520	1
6524	1
6527	1
6529	1
6530	1
6532	1
6535	0
6537	1
6542	1
6543	1
6544	1
6546	0
6549	1
6555	1
6556	1
6557	1
6562	1
6564	0
6570	1
6572	1
6575	1
6578	1
6579	1
6580	1
6583	1
6584	1
6585	1
6586	1
6589	1
6590	1
6591	1
6594	1
6596	1
6601	1
6602	1
6603	1
6605	1
6608	1
6612	1
6613	1
6614	1
6621	1
6625	1
6626	1
6628	1
6632	1
6633	1
6634	1
6642	1
6648	1
6653	1
6654	1
6657	0
6658	1
6659	1
6660	1
6664	1
6673	1
6678	1
6682	1
6689	1
6691	0
6698	1
6699	1
6700	1
6704	1
6705	1
6706	0
6713	1
6716	1
6719	1
6721	1
6732	1
6742	1
6746	1
6748	1
6749	1
6756	0
6760	1
6762	1
6765	1
6772	1
6773	1
6776	1
6783	1
6784	1
6785	1
6794	1
6795	1
6797	1
6800	1
6803	1
6806	1
6810	1
6812	1
6813	1
6814	1
6816	1
6819	1
6822	1
6829	1
6834	1
6835	1
6837	1
6838	1
6843	1
6847	1
6849	1
6850	1
6852	1
6855	1
6857	1
6865	0
6867	1
6870	1
6875	1
6876	1
6877	1
6891	1
6892	1
6895	1
6896	1
6899	1
6900	1
6905	0
6911	1
6914	1
6919	1
6920	1
6923	1
6925	0
6929	1
6933	1
6940	1
6941	1
6944	1
6946	1
6951	1
6956	1
6960	1
6962	1
6968	1
6969	0
6970	1
6976	1
6979	1
6982	1
6985	1
6987	1
6991	1
6995	1
6997	1
7000	1
7001	1
7004	1
7007	1
7009	1
7012	1
7014	1
7018	1
7020	1
7023	1
7025	1
7027	1
7028	1
7033	1
7046	1
7047	1
7054	1
7058	1
7061	1
7064	1
7066	1
7067	1
7079	1
7088	1
7090	1
7095	0
7096	1
7100	0
7101	1
7102	1
7105	1
7108	1
7110	1
7113	1
7114	1
7115	1
7117	1
7121	1
7122	1
7124	1
7130	1
7133	1
7134	1
7136	0
7143	1
7144	0
7148	0
7150	1
7153	1
7154	1
7163	1
7164	1
7166	0
7169	1
7171	1
7172	1
7174	1
7182	1
7183	1
7202	1
7204	1
7212	1
7215	1
7216	1
7219	1
7220	0
7222	1
7226	1
7230	1
7242	1
7250	1
7251	1
7252	1
7262	1
7263	1
7268	1
7273	1
7276	1
7277	1
7278	0
7280	1
7294	1
7302	1
7310	1
7311	0
7315	1
7329	1
7334	1
7336	1
7337	1
7341	1
7344	1
7351	1
7356	1
7357	1
7359	1
7360	1
7362	1
7366	1
7368	1
7373	1
7374	0
7385	1
7386	1
7387	1
7388	1
7391	1
7402	1
7403	1
7408	1
7410	1
7411	1
7412	1
7413	1
7417	1
7424	1
7439	0
7443	1
7444	1
7446	1
7447	0
7453	1
7454	1
7456	1
7459	0
7466	1
7473	1
7476	1
7477	1
7478	1
7485	1
7486	1
7489	1
7492	0
7504	0
7505	1
7509	1
7511	1
7515	0
7517	1
7521	1
7525	1
7529	1
7530	1
7531	1
7536	1
7539	1
7540	1
7545	1
7546	1
7549	0
7554	1
7556	0
7557	1
7562	1
7563	1
7567	0
7569	0
7574	1
7576	1
7577	1
7579	1
7581	1
7583	0
7588	1
7590	1
7591	0
7592	1
7607	1
7608	1
7611	0
7618	1
7625	0
7629	1
7631	1
7632	1
7633	1
7635	1
7641	1
7642	1
7645	1
7647	1
7650	1
7653	1
7657	1
7660	1
7662	0
7667	1
7668	1
7671	1
7674	1
7675	1
7676	1
7678	1
7680	1
7686	1
7687	1
7688	0
7695	1
7697	1
7698	1
7699	1
7702	1
7703	1
7715	1
7717	1
7718	1
7725	1
7728	1
7729	1
7731	1
7735	1
7736	1
7738	1
7740	1
7744	1
7746	1
7756	1
7757	0
7758	1
7769	1
7771	1
7773	1
7775	1
7777	1
7780	1
7781	1
7782	1
7788	1
7794	1
7797	1
7801	1
7802	1
7807	1
7808	1
7810	1
7811	1
7812	1
7814	1
7820	0
7821	1
7824	1
7825	1
7826	1
7827	1
7828	1
7835	1
7837	1
7838	1
7842	1
7843	1
7845	1
7848	1
7851	1
7855	1
7859	1
7860	1
7863	1
7864	1
7865	1
7866	1
7872	0
7877	1
7878	1
7883	1
7898	1
7899	1
7901	1
7902	1
7908	1
7911	0
7915	1
7916	1
7919	1
7931	0
7935	1
7936	1
7938	1
7945	1
7953	0
7955	1
7958	1
7960	1
7962	1
7964	1
7965	1
7967	1
7970	1
7974	1
7979	1
7991	1
7996	1
7999	0
8000	1
8003	1
8006	1
8009	1
8012	1
8016	1
8017	1
8020	1
8021	0
8028	1
8029	1
8031	1
8035	0
8036	1
8040	1
8041	1
8045	1
8046	1
8053	1
8054	0
8057	1
8058	0
8059	1
8062	1
8064	1
8065	1
8070	1
8075	1
8076	1
8077	1
