17
20
24
38
62
98
116
118
122
123
149
155
159
165
174
184
200
208
215
252
276
287
316
321
325
337
340
351
362
369
370
380
382
394
396
407
421
432
435
470
473
478
492
500
518
525
528
542
553
605
612
619
660
661
662
696
746
803
806
814
822
827
828
831
838
863
866
876
877
886
893
899
902
916
919
924
931
940
948
952
953
971
974
980
982
991
994
997
998
1006
1007
1015
1022
1027
1028
1040
1041
1045
1071
1074
1106
1108
1141
1153
1202
1204
1221
1238
1247
1249
1264
1270
1307
1315
1323
1334
1342
1363
1375
1393
1441
1469
1474
1479
1486
1497
1500
1516
1520
1533
1534
1548
1556
1563
1567
1587
1590
1592
1624
1633
1639
1640
1644
1649
1670
1672
1679
1680
1684
1686
1690
1692
1703
1718
1780
1795
1859
1865
1872
1878
1886
1893
1894
1917
1919
1923
1926
1933
1943
1953
1966
1973
1979
2000
2007
2021
2027
2036
2065
2067
2069
2075
2097
2100
2105
2112
2118
2140
2162
2167
2175
2186
2196
2209
2215
2217
2219
2243
2244
2246
2251
2255
2257
2272
2283
2304
2308
2312
2314
2346
2350
2360
2361
2363
2371
2377
2390
2407
2435
2441
2457
2463
2487
2489
2499
2514
2519
2524
2532
2535
2550
2564
2568
2574
2586
2588
2601
2639
2652
2665
2674
2678
2719
2728
2754
2771
2773
2785
2786
2799
2807
2826
2836
2841
2850
2851
2856
2859
2865
2867
2881
2895
2906
2916
2919
2932
2945
2982
2989
2991
2995
2998
3020
3038
3042
3047
3051
3059
3063
3067
3069
3073
3110
3125
3136
3140
3146
3157
3163
3166
3204
3214
3216
3218
3237
3246
3250
3274
3280
3289
3292
3295
3315
3344
3354
3364
3366
3374
3375
3381
3390
3428
3435
3436
3448
3456
3465
3496
3509
3511
3513
3533
3535
3539
3542
3547
3551
3558
3564
3574
3579
3580
3584
3598
3628
3646
3660
3667
3709
3711
3729
3763
3770
3773
3789
3793
3794
3822
3832
3845
3849
3856
3890
3891
3896
3921
3931
3938
3949
3968
3969
3976
3983
3992
3999
4035
4040
4048
4055
4081
4115
4128
4131
4137
4152
4165
4174
4176
4183
4189
4216
4219
4222
4237
4238
4241
4253
4281
4285
4304
4314
4321
4337
4363
4374
4381
4390
4394
4400
4401
4425
4431
4456
4458
4480
4486
4496
4522
4524
4534
4550
4552
4554
4556
4557
4574
4585
4586
4596
4607
4624
4626
4656
4670
4674
4677
4681
4695
4706
4713
4733
4734
4741
4762
4766
4784
4785
4787
4789
4810
4819
4820
4822
4834
4840
4843
4862
4869
4892
4899
4908
4911
4921
4932
4934
4940
4958
4959
4965
4974
4978
5001
5003
5024
5028
5032
5033
5068
5087
5116
5127
5133
5141
5142
5146
5153
5161
5163
5174
5178
5179
5184
5190
5213
5223
5248
5252
5257
5263
5275
5283
5286
5290
5296
5321
5322
5324
5327
5329
5333
5334
5336
5340
5351
5369
5373
5376
5381
5386
5391
5397
5425
5431
5439
5444
5453
5467
5477
5485
5495
5496
5503
5527
5528
5531
5540
5542
5547
5588
5591
5598
5599
5602
5615
5641
5662
5674
5690
5695
5708
5714
5720
5729
5751
5758
5763
5777
5794
5803
5821
5832
5840
5875
5876
5879
5886
5894
5915
5928
5935
5937
5961
5977
5980
5993
6017
6029
6052
6056
6065
6078
6091
6113
6135
6141
6144
6151
6152
6159
6179
6183
6184
6214
6218
6223
6235
6239
6240
6265
6275
6281
6285
6302
6304
6315
6333
6338
6346
6348
6350
6398
6409
6420
6431
6436
6438
6446
6458
6474
6475
6477
6504
6516
6520
6524
6535
6542
6550
6574
6575
6601
6614
6649
6654
6664
6668
6675
6679
6682
6687
6689
6694
6696
6707
6744
6756
6768
6770
6791
6821
6849
6858
6860
6864
6869
6885
6890
6901
6905
6906
6920
6937
6953
6960
6965
6974
7016
7017
7041
7051
7083
7089
7096
7098
7125
7131
7132
7134
7153
7180
7181
7187
7191
7221
7235
7239
7273
7275
7290
7292
7307
7308
7326
7334
7338
7348
7350
7380
7381
7382
7388
7409
7414
7422
7430
7443
7448
7452
7453
7461
7462
7473
7493
7508
7511
7519
7520
7522
7534
7547
7552
7599
7622
7624
7627
7638
7649
7654
7679
7713
7725
7728
7740
7754
7784
7812
7863
7864
7869
7875
7886
7908
7911
7941
7981
7990
7995
7998
8015
8020
8037
8044
8052
8077
8084
8133
8138
8161
8180
8181
8189
8195
8201
8202
8208
8212
8224
8239
8242
8250
8277
8283
8290
8295
8307
8320
8324
8329
8341
8352
8374
8376
8381
8386
8412
8413
8416
8417
8431
8452
8460
8467
8472
8479
8510
8516
8520
8532
8548
8557
8564
8572
8592
8594
8600
8624
8651
8662
8663
8664
8666
8668
8672
8692
8700
8710
8712
8726
8727
8731
8734
8749
8752
8770
8772
8780
8787
8804
8805
8819
8830
8832
8835
8838
8851
8860
8883
8894
8902
8910
8937
8939
8948
8952
8953
8982
8990
8991
9003
9005
9011
9012
9015
9017
9022
9039
9045
9053
9072
9078
9090
9091
9094
9109
9114
9124
9145
9151
9152
9155
9159
9175
9182
9189
9202
9203
9209
9233
9234
9235
9253
9270
9272
9284
9286
9310
9314
9345
9357
9371
9387
9393
9403
9407
9417
9420
9439
9442
9445
9464
9465
9476
9482
9486
9489
9490
9493
9498
9506
9509
9514
9520
9521
9536
9540
9543
9549
9554
9559
9567
9580
9608
9617
9629
9637
9687
9693
9709
9712
9723
9728
9736
9743
9745
9748
9750
9758
9765
9767
9769
9775
9787
9796
9822
9832
9835
9843
9873
9902
9904
9909
9917
9919
9943
9945
9956
9960
9966
9970
9976
9979
9982
10016
10020
10029
10043
10068
10071
10102
10125
10138
10141
10153
10182
10193
10240
10263
10265
10276
10289
10291
10296
10298
10305
10323
10330
10334
10335
10356
10359
10362
10374
10381
10382
10458
10470
10472
10475
10515
10526
10540
10562
10573
10585
10586
10597
10599
10603
10615
10616
10629
10634
10643
10648
10651
10654
10679
10680
10681
10691
10693
10697
10712
10724
10732
10747
10753
10787
10803
10810
10823
10830
10835
10836
10855
10856
10889
10895
10898
10907
10914
10916
10917
10934
10935
10945
10956
10957
10973
10977
10978
10982
10985
10987
10989
10995
11016
11023
11036
11041
11060
11095
11109
11111
11117
11131
11150
11158
11192
11193
11196
11207
11222
11226
11236
11237
11261
11283
11305
11306
11312
11341
11357
11358
11376
11378
11392
11394
11400
11417
11425
11429
11434
11436
11455
11458
11473
11506
11515
11517
11527
11531
11532
11538
11539
11549
11555
11566
11569
11585
11609
11611
11614
11617
11624
11629
11645
11647
11649
11654
11657
11659
11668
11677
11686
11692
11707
11717
11724
11729
11740
11749
11750
11773
11802
11807
11812
11839
11844
11848
11861
11865
11876
11893
11896
11901
11904
11906
11917
11921
11929
11931
11938
11949
11963
11964
11968
11992
12003
12012
12034
12044
12063
12065
12067
12076
12092
12117
12122
12124
12126
12138
12139
12147
12150
12151
12166
12172
12173
12195
12204
12213
12233
12243
12245
12263
12276
12292
12294
12311
12318
12327
12332
12334
12351
12355
12367
12374
12412
12413
12418
12421
12423
12434
12465
12484
12502
12505
12506
12513
12523
12525
12547
12553
12558
12577
12584
12590
12603
12632
12642
12662
12665
12672
12678
12692
12695
12702
12724
12739
12748
12752
12759
12773
12783
12785
12786
12790
12798
12799
12800
12807
12808
12827
12828
12845
12846
12852
12855
12856
12860
12867
12872
12877
12879
12888
12897
12902
12908
12922
12927
12931
12957
12970
12977
12979
12984
12986
12990
13007
13014
13038
13050
13053
13080
13084
13088
13091
13093
13098
13111
13112
13113
13114
13132
13135
13140
13146
13148
13160
13173
13183
13191
13198
13200
13211
13213
13262
13266
13267
13295
13298
13304
13310
13312
13314
13340
13341
13360
13375
13413
13429
13443
13454
13466
13476
13483
13513
13514
13516
13529
13533
13548
13560
13562
13594
13600
13602
13608
13643
13656
13671
13676
13698
13721
13725
13726
13745
13755
13764
13765
13773
13778
13787
13795
13800
13801
13808
13832
13841
13843
13851
13862
13865
13871
13886
13936
13984
14000
14007
14028
14042
14051
14062
14082
14085
14088
14097
14098
14120
14123
14139
14165
14167
14170
14171
14197
14202
14204
14213
14235
14251
14256
14267
14300
14309
14321
14323
14326
14342
14345
14347
14359
14361
14364
14382
14427
14497
14508
14513
14526
14532
14557
14558
14562
14579
14600
14620
14636
14656
14658
14660
14662
14672
14693
14698
14707
14715
14727
14731
14735
14739
14746
14769
14773
14781
14787
14795
14804
14806
14809
14823
14824
14827
14838
14849
14865
14877
14879
14890
14895
14899
14908
14912
14924
14931
14940
14942
14977
14995
15013
15025
15030
15035
15069
15080
15096
15105
15107
15108
15114
15118
15125
15129
15142
15145
15149
15176
15190
15195
15201
15210
15218
15245
15265
15266
15271
15278
15307
15324
15325
15330
15333
15341
15362
15371
15380
15388
15409
15415
15428
15437
15438
15455
15465
15466
15473
15475
15481
15483
15484
15485
15487
15490
15503
15505
15507
15514
15520
15529
15564
15599
15602
15611
15622
15632
15637
15642
15667
15668
15672
15685
15688
15693
15712
15739
15742
15764
15789
15795
15797
15799
15810
15813
15824
15825
15841
15842
15852
15860
15863
15866
15873
15901
15906
15937
15949
15964
15976
15980
15996
16005
16006
16007
16012
16014
16016
16026
16029
16042
16046
16061
16064
16065
16089
16098
16100
16102
16106
16111
16138
16139
16144
16149
16173
16185
16186
16199
16204
16218
16257
16267
16273
16274
16297
16306
16307
16309
16310
16315
16330
16345
16352
16362
16381
16385
16388
16390
16391
16397
16403
16404
16409
16416
16419
16423
16426
16431
16439
16461
16462
16470
16474
16476
16482
16487
16488
16492
16494
16524
16533
16536
16543
16547
16561
16572
16574
16579
16615
16620
16624
16625
16632
16634
16642
16649
16662
16669
16680
16697
16707
16714
16740
16745
16746
16748
16750
16751
16755
16782
16787
16805
16806
16821
16823
16850
16863
16873
16880
16917
16919
16924
16930
16934
16943
16944
16946
16966
16977
16991
17000
17007
17009
17010
17021
17034
17035
17042
17104
17123
17139
17145
17154
17155
17166
17174
17202
17205
17219
17220
17235
17251
17257
17262
17276
17296
17299
17312
17321
17329
17331
17380
17393
17411
17437
17439
17450
17457
17474
17484
17489
17493
17501
17518
17530
17537
17540
17541
17544
17551
17557
17566
17569
17586
17634
17641
17648
17661
17667
17671
17690
17692
17694
17698
17733
17768
17769
17771
17793
17796
17798
17807
17820
17835
17837
17838
17846
17861
17875
17882
17908
17926
17930
17933
17958
17974
17975
17987
17990
18006
18007
18022
18024
18033
18037
18062
18067
18069
18073
18076
18091
18101
18109
18112
18125
18136
18137
18176
18182
18193
18198
18212
18215
18238
18241
18242
18246
18250
18260
18265
18270
18271
18284
18300
18304
18318
18329
18333
18342
18347
18350
18353
18356
18357
18358
18359
18364
18380
18402
18408
18420
18422
18430
18438
18448
18460
18465
18469
18487
18489
18491
18494
18498
18502
18515
18526
18552
18553
18577
18579
18581
18588
18598
18599
18609
18611
18622
18628
18637
18645
18649
18677
18685
18691
18693
18705
18715
18720
18726
18732
18760
18763
18775
18777
18789
18807
18812
18815
18818
18838
18852
18880
18885
18906
18915
18918
18920
18938
18946
18953
18958
18975
18984
18987
18990
19008
19035
19037
19042
19051
19059
19061
19063
19073
19079
19094
19104
19108
19110
19121
19124
19152
19153
19156
19166
19180
19203
19208
19212
19221
19234
19240
19257
19283
19285
19298
19301
19329
19330
19369
19378
19382
19383
19384
19389
19394
19406
19410
19414
19415
19418
19427
19449
19468
19475
19506
19508
19530
19536
19545
19570
19576
19578
19592
19599
19601
19609
19626
19647
19656
19695
19714
19716
19718
19722
19723
19725
19726
19754
19777
19781
19783
19788
19791
19794
19799
19814
19815
19826
19836
19840
19842
19847
19866
19894
19895
19910
19912
19913
19917
19934
19971
19978
19981
19995
20001
20002
20005
20023
20032
20044
20083
20095
20097
20100
20117
20137
20142
20143
20156
20159
20169
20190
20224
20225
20226
20230
20231
20233
20259
20263
20268
20285
20292
20310
20311
20324
20329
20332
20335
20339
20349
20372
20375
20419
20433
20437
20441
20450
20452
20461
20475
20477
20481
20486
20488
20497
20499
20500
20518
20544
20554
20560
20575
20584
20588
20591
20599
20600
20627
20641
20648
20679
20702
20708
20712
20715
20717
20735
20743
20778
20797
20805
20816
20819
20827
20839
20863
20867
20874
20893
20897
20902
20926
20933
20936
20939
20951
20959
20960
20995
21004
21015
21024
21027
21028
21030
21044
21047
21050
21055
21081
21086
21089
21091
21098
21101
21128
21144
21170
21173
21189
21217
21220
21226
21229
21236
21243
21244
21253
21266
21269
21335
21356
21359
21365
21370
21383
21391
21402
21423
21429
21433
21446
21455
21457
21467
21482
21492
21494
21499
21502
21514
21537
21557
21570
21575
21576
21586
21603
21610
21623
21655
21661
21665
21667
21668
21672
21676
21695
21696
21700
21701
21709
21715
21717
21723
21735
21737
21751
21760
21762
21777
21782
21783
21821
21844
21882
21889
21890
21893
21894
21898
21937
21958
21962
21965
21968
21971
21976
21977
21994
22010
22015
22016
22021
22023
22032
22034
22046
22057
22063
22067
22087
22092
22096
22141
22147
22158
22161
22178
22219
22237
22254
22267
22277
22282
22304
22339
22341
22345
22346
22351
22357
22375
22385
22387
22392
22395
22398
22413
22414
22455
22458
22459
22461
22462
22465
22468
22471
22478
22481
22497
22501
22509
22513
22549
22552
22564
22579
22584
22586
22592
22605
22618
22620
22631
22633
22660
22678
22679
22696
22704
22712
22719
22736
22746
22747
22767
22772
22780
22785
22795
22810
22811
22812
22817
22819
22822
22823
22829
22838
22844
22850
22856
22860
22862
22872
22898
22903
22906
22922
22928
22940
22949
22953
22967
22983
23003
23006
23009
23016
23025
23027
23028
23029
23039
23053
23066
23079
23088
23105
23124
23133
23134
23155
23162
23168
23175
23180
23181
23188
23204
23205
23229
23268
23304
23305
23312
23328
23337
23360
23363
23369
23370
23374
23385
23430
23434
23436
23449
23451
23460
23463
23469
23484
23485
23503
23529
23536
23537
23544
23552
23562
23578
23586
23589
23591
23613
23615
23619
23620
23635
23637
23650
23657
23658
23665
23668
23681
23683
23702
23734
23735
23739
23752
23753
23761
23767
23768
23773
23783
23786
23788
23790
23797
23802
23811
23814
23824
23838
23843
23858
23862
23869
23872
23875
23883
23888
23890
23928
23932
23962
23979
23986
24008
24018
24025
24029
24034
24035
24038
24039
24042
24043
24048
24053
24059
24063
24075
24077
24097
24098
24101
24103
24108
24109
24126
24129
24132
24146
24147
24164
24179
24182
24225
24230
24235
24244
24250
24252
24265
24282
24297
24314
24315
24320
24327
24328
24339
24341
24356
24362
24367
24388
24433
24435
24451
24463
24472
24495
24508
24513
24516
24520
24531
24539
24541
24552
24568
24575
24601
24605
24616
24620
24635
24648
24675
24680
24683
24709
24716
24739
24751
24752
24756
24764
24781
24787
24788
24810
24825
24826
24829
24831
24850
24870
24889
24894
24901
24903
24909
24932
24962
24976
25005
25015
25034
25038
25049
25058
25059
25087
25093
25122
25124
25127
25128
25129
25148
25152
25190
25196
25208
25210
25215
25220
25231
25233
25237
25240
25262
25270
25273
25280
25302
25309
25319
25338
25348
25367
25383
25385
25392
25402
25416
25430
25440
25441
25452
25456
25461
25472
25473
25480
25489
25499
25505
25511
25530
25531
25552
25561
25587
25600
25605
25612
25618
25629
25634
25655
25659
25664
25667
25679
25697
25726
25735
25742
25748
25749
25763
25773
25775
25779
25780
25782
25818
25828
25833
25844
25847
25872
25876
25896
25897
25904
25909
25917
25925
25941
25949
25964
25966
25972
25974
25977
25988
25991
25992
25994
25999
26002
26015
26024
26034
26035
26051
26054
26056
26069
26082
26084
26095
26096
26128
26130
26135
26140
26149
26161
26162
26169
26179
26183
26187
26192
26193
26196
26219
26226
26246
26249
26255
26256
26259
26261
26268
26276
26278
26289
26291
26296
26302
26310
26313
26320
26330
26331
26356
26364
26373
26391
26395
26408
26417
26420
26434
26435
26436
26437
26444
26449
26451
26463
26474
26483
26485
26495
26556
26575
26577
26594
26612
26614
26635
26646
26648
26650
26654
26655
26685
26686
26699
26702
26704
26705
26711
26717
26740
26750
26759
26760
26764
26771
26776
26778
26789
26811
26824
26828
26830
26841
26847
26849
26858
26865
26886
26898
26915
26920
26929
26979
26997
27015
27025
27028
27032
27038
27068
27071
27075
27082
27086
27088
27090
27092
27098
27107
27129
27145
27146
27148
27155
27160
27170
27191
27235
27237
27239
27240
27255
27265
27282
27300
27312
27316
27319
27342
27343
27367
27371
27372
27379
27400
27415
27425
27431
27433
27434
27449
27450
27464
27469
27470
27474
27477
27479
27481
27482
27501
27503
27510
27536
27545
27567
27577
27579
27592
27598
27606
27634
27641
27647
27660
27696
27723
27727
27733
27750
27751
27762
27778
27791
27803
27809
27812
27829
27870
27875
27889
27910
27915
27962
27973
28059
28070
28079
28080
28081
28088
28095
28109
28110
28111
28117
28130
28142
28147
28153
28154
28158
28172
28179
28183
28187
28194
28197
28210
28217
28233
28239
28240
28251
28253
28258
28265
28266
28274
28293
28305
28308
28320
28331
28332
28346
28357
28379
28384
28386
28390
28391
28394
28395
28396
28403
28412
28422
28432
28446
28447
28462
28477
28488
28530
28531
28532
28539
28569
28579
28600
28601
28605
28611
28621
28644
28648
28659
28694
28710
28720
28730
28738
28740
28742
28750
28765
28775
28780
28783
28785
28797
28801
28805
28809
28816
28836
28837
28844
28859
28874
28891
28897
28900
28903
28910
28915
28929
28945
28957
28959
28963
28980
28982
28986
29000
29001
29006
29011
29034
29035
29048
29057
29058
29065
29071
29083
29084
29091
29094
29108
29114
29123
29124
29125
29148
29152
29158
29164
29210
29229
29236
29253
29268
29271
29277
29300
29304
29311
29313
29332
29333
29341
29343
29350
29352
29353
29366
29390
29398
29420
29445
29471
29500
29502
29521
29522
29524
29531
29536
29546
29571
29583
29611
29634
29640
29642
29652
29666
29681
29706
29712
29737
29745
29746
29786
29830
29833
29850
29854
29855
29860
29871
29872
29880
29914
29931
29950
29958
29961
29971
29993
29996
30007
30025
30044
30049
30052
30055
30060
30089
30100
30103
30116
30127
30138
30152
30153
30163
30183
30185
30187
30194
30201
30207
30232
30246
30267
30286
30292
30296
30310
30319
30346
30352
30368
30370
30376
30378
30385
30391
30396
30404
30405
30411
30416
30427
30428
30445
30446
30449
30450
30468
30476
30481
30487
30528
30536
30539
30553
30560
30563
30567
30572
30631
30641
30643
30650
30662
30663
30665
30706
30707
30714
30717
30732
30740
30743
30761
30769
30783
30785
30796
30811
30812
30820
30825
30832
30841
30842
30855
30860
30868
30896
30914
30921
30930
30948
30950
30970
30976
30977
30979
30995
31004
31005
31022
31030
31046
31062
31068
31075
31087
31095
31098
31101
31113
31119
31120
31125
31137
31138
31140
31153
31156
31158
31162
31171
31175
31186
31194
31200
31202
31214
31215
31242
31245
31253
31255
31291
31293
31305
31310
31312
31323
31383
31387
31388
31389
31398
31402
31408
31409
31412
31416
31423
31425
31438
31452
31481
31485
31488
31490
31495
31501
31515
31533
31534
31555
31558
31564
31569
31586
31592
31627
31666
31690
31691
31716
31722
31723
31729
31752
31754
31756
31767
31768
31775
31813
31818
31819
31820
31827
31833
31842
31847
31849
31858
31890
31896
31901
31918
31935
31941
31949
31955
31959
31965
31969
31974
31983
31987
31988
31999
32006
32014
32016
32029
32043
32044
32052
32058
32074
32088
32091
32115
32118
32122
32146
32151
32154
32158
32182
32199
32206
32213
32214
32231
32236
32240
32247
32260
32277
32304
32311
32324
32343
32358
32363
32367
32368
32384
32388
32393
32398
32409
32413
32415
32416
32427
32463
32464
32480
32525
32526
32530
32533
32538
32558
32570
32575
32595
32606
32613
32616
32622
32630
32633
32641
32653
32658
32661
32663
32692
32693
32698
32701
32718
32725
32744
32776
32785
32787
32788
32789
32792
32808
32817
32820
32836
32837
32854
32855
32863
32881
32905
32917
32918
32919
32922
32932
32944
32945
32954
32955
32968
32970
32972
33013
33023
33040
33043
33044
33048
33054
33068
33069
33082
33092
33094
33117
33132
33133
33158
33172
33190
33221
33243
33245
33260
33262
33263
33275
33295
33305
33312
33314
33327
33334
33341
33345
33346
33362
33384
33387
33392
33394
33395
33396
33414
33419
33422
33446
33451
33472
33473
33480
33481
33488
33495
33499
33500
33514
33520
33523
33532
33536
33541
33549
33566
33601
33603
33605
33623
33624
33626
33637
33646
33659
33670
33698
33727
33747
33748
33749
33764
33766
33773
33783
33787
33789
33800
33817
33823
33826
33837
33856
33862
33878
33879
33886
33889
33908
33913
33922
33926
33930
33940
33950
33953
33955
33958
33968
33978
33983
34001
34002
34008
34017
34024
34046
34057
34080
34086
34105
34116
34123
34124
34135
34150
34151
34153
34180
34186
34188
34193
34196
34198
34204
34216
34220
34238
34240
34265
34275
34278
34302
34303
34313
34322
34325
34332
34335
34349
34367
34376
34398
34405
34413
34420
34427
34434
34435
34450
34457
34474
34482
34485
34488
34492
34496
34499
34511
34547
34552
34559
34578
34582
34586
34591
34597
34601
34614
34619
34652
34657
34668
34674
34677
34692
34698
34705
34711
34714
34721
34722
34727
34751
34766
34777
34786
34790
34801
34803
34811
34817
34839
34858
34883
34932
34976
34985
35006
35009
35016
35017
35046
35048
35049
35054
35079
35086
35094
35096
35102
35103
35116
35118
35133
35136
35142
35159
35164
35174
35179
35183
35194
35195
35203
35214
35218
35234
35243
35249
35272
35273
35283
35299
35316
35326
35332
35336
35357
35362
35366
35386
35418
35420
35432
35450
35470
35472
35473
35501
35508
35519
35522
35524
35531
35532
35533
35543
35545
35554
35565
35584
35592
35596
35603
35610
35615
35618
35622
35624
35629
35630
35632
35652
35680
35681
35689
35696
35697
35702
35712
35713
35716
35723
35732
35739
35751
35760
35762
35763
35785
35799
35800
35806
35810
35813
35829
35830
35836
35842
35865
35866
35867
35869
35871
35874
35889
35894
35897
35901
35916
35936
35938
35943
35950
35964
35973
35976
36006
36023
36030
36033
36034
36043
36050
36068
36071
36091
36101
36103
36118
36158
36159
36176
36188
36203
36207
36208
36217
36234
36243
36264
36265
36273
36284
36287
36290
36302
36305
36317
36331
36335
36344
36350
36355
36370
36375
36387
36408
36413
36426
36440
36446
36456
36458
36530
36548
36581
36586
36587
36588
36590
36618
36633
36634
36644
36649
36666
36672
36683
36688
36694
36699
36703
36732
36733
36753
36776
36789
36793
36825
36828
36832
36834
36835
36850
36858
36861
36866
36880
36885
36891
36895
36904
36905
36918
36935
36946
36969
36974
36975
36978
36979
36980
37009
37024
37091
37104
37112
37116
37127
37146
37151
37153
37160
37173
37177
37186
37203
37224
37273
37286
37293
37301
37302
37308
37309
37311
37314
37318
37321
37331
37374
37388
37403
37417
37450
37477
37488
37510
37514
37519
37522
37526
37539
37545
37568
37572
37582
37605
37607
37608
37611
37622
37623
37646
37664
37670
37673
37695
37706
37707
37708
37714
37718
37721
37741
37745
37755
37801
37806
37826
37837
37843
37846
37855
37866
37868
37873
37885
37888
37921
37927
37938
37940
37942
37948
37965
37969
37970
38004
38023
38028
38030
38043
38045
38075
38083
38094
38107
38113
38118
38132
38139
38146
38162
38165
38168
38169
38171
38176
38187
38195
38205
38218
38223
38232
38243
38248
38261
38265
38298
38310
38338
38362
38366
38371
38376
38379
38397
38405
38410
38417
38422
38435
38447
38449
38461
38463
38468
38473
38474
38500
38519
38520
38524
38526
38533
38536
38567
38571
38581
38590
38603
38619
38627
38629
38644
38645
38660
38671
38672
38677
38684
38717
38726
38731
38747
38770
38772
38793
38794
38796
38803
38816
38822
38828
38830
38839
38845
38863
38871
38876
38881
38883
38888
38915
38925
38926
38938
38951
38986
38991
38995
39013
39019
39044
39060
39067
39068
39070
39077
39111
39119
39132
39134
39135
39139
39141
39142
39160
39165
39171
39178
39180
39189
39194
39198
39205
39207
39216
39221
39244
39254
39270
39273
39274
39288
39297
39301
39309
39311
39343
39345
39430
39433
39447
39451
39454
39457
39459
39467
39470
39473
39479
39481
39483
39488
39489
39492
39495
39511
39520
39526
39531
39534
39539
39540
39545
39550
39558
39561
39589
39592
39594
39596
39602
39604
39614
39619
39625
39630
39633
39637
39638
39640
39655
39668
39673
39675
39683
39690
39726
39732
39734
39749
39765
39772
39774
39778
39786
39789
39796
39797
39808
39811
39826
39863
39880
39889
39925
39927
39931
39946
39954
39958
39977
40003
40012
40013
40016
40053
40055
40067
40068
40072
40078
40087
40103
40105
40118
40124
40131
40133
40135
40138
40181
40185
40196
40200
40206
40215
40220
40223
40237
40242
40272
40303
40304
40317
40321
40330
40332
40341
40342
40350
40352
40387
40398
40423
40439
40446
40453
40457
40464
40468
40482
40485
40492
40496
40498
40503
40508
40519
40595
40611
40625
40634
40640
40641
40656
40657
40670
40678
40686
40688
40703
40713
40723
40728
40736
40743
40769
40785
40787
40803
40829
40830
40837
40845
40846
40853
40861
40865
40872
40874
40889
40909
40922
40942
40958
40961
40972
40976
40980
40986
40994
40995
41009
41028
41031
41033
41063
41073
41086
41091
41092
41093
41110
41112
41126
41140
41142
41143
41153
41189
41193
41200
41213
41224
41240
41244
41253
41255
41259
41274
41276
41295
41300
41328
41332
41339
41350
41367
41372
41390
41404
41422
41434
41462
41488
41501
41516
41564
41575
41586
41596
41601
41602
41603
41605
41609
41614
41617
41623
41636
41639
41687
41700
41705
41713
41716
41732
41739
41756
41801
41806
41810
41816
41824
41833
41846
41856
41878
41879
41888
41892
41927
41931
41932
41976
41981
41995
42002
42021
42026
42030
42049
42061
42069
42071
42105
42115
42135
42159
42162
42174
42176
42188
42196
42197
42207
42208
42214
42222
42228
42238
42241
42248
42250
42302
42311
42317
42325
42336
42343
42400
42401
42410
42412
42416
42420
42427
42438
42443
42450
42460
42461
42477
42480
42504
42553
42580
42584
42591
42596
42615
42675
42684
42690
42691
42695
42700
42710
42723
42728
42734
42744
42748
42750
42789
42793
42809
42810
42829
42850
42851
42857
42866
42867
42879
42891
42925
42930
42932
42936
42947
42962
42986
42995
43011
43027
43031
43045
43069
43080
43081
43084
43126
43153
43161
43162
43167
43169
43183
43190
43196
43197
43219
43235
43259
43261
43299
43302
43307
43320
43346
43354
43366
43369
43374
43383
43398
43403
43408
43411
43412
43421
43435
43451
43468
43477
43480
43482
43487
43512
43516
43535
43545
43547
43548
43570
43578
43592
43596
43606
43608
43616
43617
43618
43619
43625
43626
43631
43632
43635
43648
43680
43693
43715
43721
43722
43723
43729
43751
43753
43754
43755
43765
43773
43798
43804
43818
43820
43833
43835
43840
43844
43849
43854
43856
43866
43892
43894
43911
43915
43921
43935
43939
43945
43952
43955
43960
43961
43981
43984
43991
43994
43997
44005
44026
44032
44036
44064
44079
44080
44087
44092
44112
44116
44130
44140
44142
44168
44193
44198
44199
44225
44241
44258
44274
44296
44302
44307
44336
44345
44358
44363
44365
44377
44378
44390
44392
44401
44408
44427
44446
44453
44454
44481
44492
44507
44510
44516
44567
44572
44576
44581
44618
44623
44650
44652
44657
44663
44670
44716
44740
44751
44763
44780
44797
44803
44809
44821
44829
44838
44848
44855
44857
44860
44864
44870
44876
44879
44881
44883
44904
44909
44910
44913
44914
44925
44927
44964
44987
45005
45006
45060
45064
45076
45083
45084
45105
45114
45115
45143
45150
45153
45154
45175
45181
45187
45198
45206
45211
45212
45214
45240
45261
45268
45278
45281
45282
45290
45305
45306
45342
45350
45355
45367
45374
45379
45424
45432
45434
45440
45447
45451
45463
45477
45484
45485
45487
45498
45504
45506
45520
45530
45531
45534
45536
45538
45541
45558
45569
45573
45575
45618
45622
45633
45634
45642
45668
45670
45675
45687
45699
45702
45707
45726
45730
45754
45763
45771
45778
45799
45812
45825
45833
45838
45839
45843
45854
45856
45860
45879
45893
45905
45911
45925
45941
45951
45968
45988
45989
45991
46001
46002
46024
46042
46049
46053
46058
46064
46066
46072
46096
46097
46114
46116
46147
46148
46159
46167
46172
46176
46177
46181
46185
46188
46189
46197
46201
46217
46219
46220
46223
46224
46283
46286
46296
46300
46312
46339
46369
46412
46422
46445
46446
46460
46466
46472
46476
46477
46493
46498
46499
46504
46512
46522
46523
46554
46559
46565
46568
46576
46595
46609
46614
46616
46623
46639
46642
46651
46653
46657
46671
46673
46675
46687
46692
46698
46705
46713
46721
46732
46740
46747
46751
46764
46795
46808
46813
46816
46838
46858
46879
46889
46894
46908
46913
46935
46936
46943
46944
46946
46960
46977
46984
46994
47005
47006
47009
47020
47027
47047
47053
47061
47066
47070
47083
47085
47103
47114
47136
47167
47173
47179
47186
47215
47220
47221
47224
47227
47256
47266
47279
47282
47289
47294
47297
47319
47327
47336
47342
47343
47347
47374
47397
47402
47411
47422
47427
47429
47451
47471
47487
47488
47507
47519
47521
47523
47526
47546
47547
47563
47569
47570
47584
47597
47636
47638
47642
47644
47648
47654
47675
47683
47684
47687
47693
47695
47707
47715
47725
47726
47736
47751
47755
47764
47796
47799
47804
47807
47815
47823
47832
47862
47865
47890
47898
47916
47924
47949
47950
47957
47958
47970
47971
47978
47985
48011
48020
48026
48038
48043
48056
48057
48059
48062
48071
48072
48091
48096
48098
48100
48109
48110
48111
48127
48156
48166
48170
48175
48177
48179
48201
48203
48211
48213
48226
48237
48242
48249
48266
48276
48304
48307
48318
48320
48340
48342
48356
48365
48379
48390
48397
48408
48424
48432
48475
48488
48507
48529
48532
48537
48540
48545
48548
48566
48579
48582
48595
48600
48608
48612
48623
48629
48631
48634
48638
48659
48665
48669
48687
48688
48690
48692
48700
48703
48706
48711
48721
48732
48733
48734
48736
48737
48741
48747
48753
48773
48788
48790
48793
48800
48802
48806
48826
48829
48873
48888
48893
48901
48904
48909
48925
48928
48929
48939
48949
48963
48972
48990
48992
48994
49009
49011
49017
49042
49071
49074
49078
49080
49089
49090
49093
49120
49136
49139
49150
49167
49184
49205
49215
49220
49232
49233
49234
49239
49249
49271
49276
49290
49307
49322
49338
49347
49353
49355
49361
49364
49369
49381
49389
49401
49402
49413
49420
49439
49450
49471
49476
49481
49490
49500
49519
49520
49521
49539
49540
49541
49547
49555
49571
49575
49579
49595
49621
49629
49643
49644
49650
49671
49710
49713
49716
49722
49725
49727
49728
49744
49756
49768
49778
49821
49829
49830
49867
49884
49896
49903
49905
49907
49912
49918
49920
49929
49941
49945
49949
49955
49967
49977
49984
49988
49993
50002
50003
50035
50060
50069
50074
50109
50112
50118
50129
50141
50144
50155
50165
50168
50171
50181
50186
50202
50208
50217
50237
50240
50254
50256
50259
50271
50272
50289
50295
50317
50321
50337
50338
50340
50347
50352
50354
50370
50392
50398
50403
50406
50448
50459
50462
50488
50495
50500
50504
50506
50528
50540
50541
50555
50606
50607
50632
50648
50665
50670
50676
50678
50704
50735
50739
50741
50750
50755
50789
50800
50830
50840
50851
50872
50884
50887
50894
50896
50909
50912
50932
50933
50974
50976
51025
51026
51029
51034
51038
51039
51041
51057
51062
51064
51087
51097
51103
51104
51113
51114
51122
51131
51137
51142
51153
51154
51158
51159
51206
51228
51240
51267
51280
51306
51310
51311
51312
51313
51338
51348
51349
51350
51360
51373
51383
51395
51411
51413
51418
51419
51420
51425
51428
51431
51438
51454
51460
51463
51464
51474
51483
51488
51489
51503
51517
51518
51529
51552
51554
51586
51589
51597
51599
51604
51605
51609
51615
51617
51647
51649
51652
51653
51663
51668
51683
51693
51701
51716
51725
51733
51745
51753
51755
51770
51782
51790
51791
51792
51793
51795
51799
51803
51820
51853
51879
51889
51890
51891
51914
51920
51924
51946
51949
51950
51998
52002
52019
52022
52023
52030
52041
52044
52045
52071
52074
52076
52078
52083
52089
52095
52104
52106
52107
52108
52109
52113
52142
52144
52156
52170
52176
52184
52187
52203
52208
52217
52244
52253
52257
52261
52265
52273
52298
52312
52316
52331
52360
52383
52388
52420
52425
52427
52437
52446
52458
52465
52476
52481
52492
52506
52514
52522
52549
52554
52586
52593
52604
52612
52654
52655
52660
52663
52682
52696
52699
52701
52740
52764
52769
52779
52787
52791
52797
52803
52809
52813
52815
52818
52823
52824
52839
52855
52867
52882
52897
52905
52928
52937
52963
52968
52979
52983
52987
52991
52998
53003
53023
53024
53046
53054
53056
53070
53071
53077
53094
53097
53104
53125
53137
53147
53164
53171
53206
53212
53214
53233
53235
53237
53247
53249
53258
53266
53268
53269
53304
53329
53332
53336
53337
53353
53355
53356
53362
53378
53381
53396
53398
53400
53412
53436
53471
53491
53492
53496
53501
53510
53513
53519
53527
53528
53552
53555
53563
53566
53570
53572
53574
53581
53590
53623
53630
53641
53647
53656
53678
53686
53697
53698
53717
53725
53731
53739
53757
53777
53778
53798
53840
53848
53853
53907
53911
53934
53942
53945
53952
53956
53969
53972
53974
53983
53984
54019
54020
54022
54025
54033
54034
54036
54040
54073
54076
54079
54101
54107
54143
54167
54189
54190
54204
54209
54217
54231
54238
54241
54244
54255
54286
54309
54319
54329
54340
54352
54358
54359
54360
54372
54394
54397
54407
54439
54442
54449
54454
54456
54465
54469
54485
54489
54510
54511
54531
54533
54542
54543
54568
54590
54612
54613
54634
54644
54722
54727
54729
54735
54738
54745
54746
54755
54756
54773
54793
54811
54822
54831
54841
54859
54878
54888
54896
54901
54911
54921
54923
54927
54931
54935
54937
54953
54963
54993
55002
55007
55009
55016
55020
55067
55082
55098
55102
55111
55118
55125
55131
55134
55136
55141
55160
55163
55174
55182
55192
55197
55232
55241
55257
55260
55273
55284
55297
55303
55314
55315
55327
55329
55331
55342
55351
55357
55393
55419
55422
55427
55434
55444
55454
55480
55483
55485
55508
55536
55543
55575
55581
55599
55617
55623
55641
55643
55650
55658
55678
55690
55692
55705
55714
55719
55724
55727
55745
55768
55851
55859
55862
55867
55872
55879
55883
55885
55886
55891
55897
55914
55917
55924
55938
55951
55966
55977
55980
55988
55992
55993
56008
56011
56012
56013
56031
56040
56050
56069
56072
56081
56084
56088
56099
56101
56117
56123
56145
56148
56153
56160
56167
56179
56183
56196
56212
56213
56215
56225
56232
56251
56275
56288
56319
56340
56341
56352
56359
56369
56371
56391
56393
56399
56438
56440
56455
56457
56461
56465
56479
56485
56487
56490
56493
56501
56509
56511
56534
56554
56558
56565
56570
56574
56582
56601
56611
56614
56626
56630
56633
56675
56707
56729
56738
56739
56747
56749
56788
56792
56801
56807
56824
56827
56828
56839
56856
56869
56870
56871
56890
56899
56900
56915
56936
56940
56941
56943
56944
56950
56953
56961
56967
56969
56972
57000
57003
57021
57032
57035
57039
57040
57072
57080
57091
57119
57120
57130
57158
57159
57173
57177
57190
57196
57219
57224
57246
57254
57257
57277
57278
57301
57312
57315
57317
57320
57340
57341
57356
57359
57371
57372
57384
57414
57419
57425
57448
57449
57453
57479
57480
57516
57524
57526
57528
57529
57540
57547
57553
57555
57558
57561
57572
57576
57596
57604
57605
57611
57613
57622
57632
57650
57651
57657
57659
57664
57669
57670
57671
57674
57712
57720
57731
57756
57766
57768
57772
57778
57781
57787
57790
57798
57800
57810
57825
57832
57833
57836
57841
57844
57845
57854
57870
57871
57879
57890
57904
57911
57928
57936
57940
57947
57948
57961
57974
57984
58006
58035
58052
58055
58058
58061
58073
58090
58097
58102
58110
58114
58115
58125
58135
58165
58170
58171
58176
58183
58196
58197
58202
58205
58220
58240
58254
58258
58264
58265
58269
58278
58288
58292
58295
58298
58307
58313
58319
58332
58351
58360
58372
58374
58431
58442
58459
58466
58467
58475
58489
58493
58503
58515
58516
58520
58526
58539
58555
58558
58564
58568
58569
58575
58578
58583
58591
58593
58602
58604
58607
58621
58623
58627
58644
58649
58684
58690
58700
58702
58709
58710
58720
58721
58737
58757
58765
58767
58770
58796
58823
58829
58832
58838
58860
58863
58865
58879
58903
58905
58907
58915
58948
58952
58967
58982
59000
59029
59044
59052
59075
59077
59079
59093
59100
59115
59126
59140
59144
59170
59173
59182
59184
59185
59192
59193
59197
59217
59221
59222
59223
59235
59248
59252
59266
59268
59269
59287
59301
59307
59315
59321
59358
59361
59372
59376
59394
59407
59414
59416
59440
59442
59474
59482
59486
59495
59507
59532
59533
59553
59586
59591
59608
59615
59623
59643
59661
59677
59694
59703
59717
59735
59746
59760
59761
59767
59827
59830
59836
59842
59861
59878
59895
59898
59903
59908
59914
59918
59922
59930
59940
59957
59960
59967
59977
60023
60025
60051
60052
60055
60056
60066
60075
60077
60078
60081
60082
60085
60098
60107
60125
60130
60133
60152
60155
60183
60189
60197
60213
60221
60233
60257
60263
60272
60298
60303
60310
60328
60347
60349
60372
60378
60386
60387
60391
60393
60398
60407
60414
60420
60438
60447
60456
60474
60476
60482
60485
60503
60510
60515
60547
60561
60563
60564
60568
60569
60571
60583
60592
60595
60596
60603
60607
60620
60623
60626
60628
60629
60657
60664
60690
60700
60732
60740
60741
60746
60748
60755
60756
60761
60767
60772
60779
60784
60790
60806
60857
60859
60891
60894
60922
60927
60932
60940
60947
60949
60966
60974
60979
60986
60998
61004
61005
61007
61011
61026
61029
61036
61053
61064
61065
61076
61086
61091
61101
61106
61120
61121
61139
61155
61163
61179
61188
61195
61199
61227
61252
61265
61271
61286
61291
61296
61305
61310
61321
61334
61338
61341
61352
61363
61372
61398
61406
61408
61414
61415
61424
61435
61439
61440
61445
61464
61495
61518
61519
61535
61541
61548
61549
61565
61566
61577
61578
61579
61590
61595
61599
61610
61612
61613
61620
61629
61630
61631
61638
61643
61663
61678
61685
61691
61725
61727
61746
61762
61789
61798
61801
61804
61806
61809
61815
61823
61834
61869
61875
61876
61891
61909
61911
61915
61917
61918
61920
61926
61935
61936
61944
61954
61958
61982
62021
62026
62038
62039
62044
62070
62074
62075
62080
62088
62098
62133
62145
62150
62163
62170
62171
62176
62179
62200
62222
62230
62234
62241
62251
62253
62268
62275
62286
62299
62316
62319
62342
62346
62352
62357
62366
62381
62384
62391
62404
62411
62415
62425
62433
62444
62445
62492
62497
62513
62528
62531
62538
62539
62543
62550
62553
62558
62563
62566
62588
62610
62622
62634
62639
62640
62659
62662
62672
62675
62676
62687
62690
62701
62722
62725
62734
62736
62738
62749
62770
62778
62788
62793
62801
62804
62807
62808
62818
62820
62833
62841
62863
62865
62881
62898
62900
62901
62925
62936
62942
62946
62951
62952
62954
62957
62966
62979
62997
63000
63004
63012
63017
63019
63020
63025
63033
63065
63066
63082
63089
63097
63098
63104
63106
63112
63119
63132
63140
63141
63150
63162
63165
63187
63190
63213
63215
63222
63227
63231
63233
63234
63236
63250
63261
63265
63276
63278
63295
63300
63303
63308
63309
63327
63335
63343
63349
63366
63372
63376
63378
63384
63398
63408
63422
63423
63433
63447
63454
63459
63469
63480
63504
63516
63541
63569
63572
63580
63588
63592
63601
63607
63608
63625
63658
63672
63680
63686
63697
63701
63712
63743
63749
63759
63769
63781
63787
63796
63806
63814
63824
63827
63835
63840
63865
63869
63878
63887
63928
63943
63950
63956
63961
63973
63993
63996
64016
64018
64042
64044
64064
64091
64098
64118
64134
64142
64148
64170
64192
64206
64228
64230
64243
64262
64283
64294
64299
64306
64349
64377
64381
64387
64393
64408
64428
64433
64449
64457
64462
64467
64474
64479
64484
64503
64558
64565
64573
64575
64576
64591
64592
64594
64637
64651
64652
64655
64662
64665
64671
64677
64681
64683
64695
64703
64709
64710
64712
64724
64725
64732
64733
64735
64744
64759
64764
64768
64781
64783
64801
64809
64827
64828
64839
64843
64857
64872
64882
64892
64897
64913
64937
64943
64944
64949
64961
64971
64978
64986
65005
65007
65008
65014
65025
65030
65040
65058
65064
65072
65088
65090
65091
65094
65102
65117
65141
65156
65171
65175
65178
65179
65188
65191
65212
65222
65230
65251
65252
65267
65270
65286
65287
65289
65296
65316
65319
65341
65373
65391
65409
65413
65423
65441
65473
65477
65484
65505
65509
65542
65550
65551
65554
65574
65587
65596
65614
65631
65637
65642
65646
65655
65708
65710
65717
65724
65726
65731
65754
65758
65764
65824
65828
65846
65854
65858
65882
65883
65887
65895
65900
65908
65912
65922
65926
65928
65940
65942
65974
65979
65989
65992
66000
66013
66021
66054
66061
66066
66070
66102
66107
66111
66120
66138
66143
66170
66173
66200
66207
66242
66252
66253
66257
66261
66263
66328
66335
66340
66369
66387
66392
66402
66413
66433
66435
66446
66449
66467
66473
66481
66524
66543
66547
66548
66562
66565
66578
66588
66613
66615
66650
66662
66663
66669
66671
66679
66684
66685
66701
66708
66710
66726
66729
66740
66741
66742
66783
66792
66814
66817
66819
66824
66841
66849
66857
66865
66867
66873
66874
66875
66890
66914
66924
66929
66940
66954
66977
66999
67005
67007
67016
67019
67023
67025
67028
67032
67052
67061
67069
67071
67108
67124
67125
67126
67131
67140
67150
67158
67160
67167
67168
67182
67184
67188
67214
67220
67235
67241
67244
67245
67257
67268
67290
67292
67311
67315
67320
67331
67335
67340
67352
67357
67375
67377
