0
1
3
4
5
9
12
13
16
18
20
21
23
24
25
26
27
28
29
30
31
32
33
34
35
36
37
38
39
40
42
43
44
45
46
47
48
51
52
53
55
57
58
59
60
61
62
63
64
65
66
67
68
70
71
72
73
74
75
76
79
81
82
83
84
85
86
89
90
92
93
95
96
98
99
100
101
102
103
104
105
106
108
109
110
111
113
115
116
119
120
121
123
125
126
127
129
131
132
133
134
136
137
138
139
140
141
144
146
147
148
149
152
153
154
155
156
157
159
161
163
164
166
167
168
169
170
171
172
174
176
177
180
181
183
187
188
190
191
192
193
194
195
197
198
199
201
202
203
204
205
206
207
209
210
212
213
214
215
216
217
218
219
220
221
224
226
227
231
232
233
234
235
238
239
240
242
244
245
246
247
248
249
250
251
252
253
255
259
261
262
263
265
266
268
270
271
273
274
275
276
277
278
279
281
282
284
285
288
290
292
294
295
296
297
298
299
301
303
304
305
306
308
309
311
315
317
318
320
321
322
323
325
326
327
330
331
332
333
334
335
336
338
339
340
341
342
343
344
345
346
347
349
350
352
353
355
357
359
361
362
363
364
365
366
367
368
369
371
372
373
376
379
380
381
382
383
385
387
388
389
390
391
393
394
395
396
398
400
401
402
404
405
406
409
410
411
413
416
417
418
420
421
422
423
424
426
427
428
430
431
433
434
435
436
438
439
440
441
442
443
444
446
449
452
453
454
455
458
461
462
463
464
465
466
470
471
473
474
477
478
481
482
484
486
488
489
490
491
492
493
495
496
498
499
500
501
502
503
504
505
506
507
508
509
511
512
513
516
517
519
520
521
522
524
525
526
527
528
529
531
533
536
538
539
540
541
545
547
549
550
551
552
553
555
556
557
558
559
560
562
563
565
566
568
569
570
571
574
575
576
577
581
582
585
586
587
588
589
590
591
592
593
594
595
597
598
599
600
601
603
604
605
606
608
609
610
611
612
613
614
615
617
618
620
621
623
624
625
629
631
632
633
635
636
637
638
639
644
645
646
649
650
651
652
653
655
656
657
658
660
661
662
664
666
667
668
669
670
672
673
675
677
679
680
681
682
684
685
686
687
689
690
692
695
696
697
698
699
700
701
702
703
705
706
708
709
710
711
712
714
716
717
719
720
721
724
726
727
728
730
732
733
734
735
736
737
739
740
741
745
746
747
748
749
750
751
753
754
755
759
760
762
763
764
765
766
767
768
769
770
774
775
776
777
778
780
782
785
788
789
790
791
792
794
795
796
797
798
800
801
802
803
804
805
806
807
811
812
813
814
815
816
817
818
820
821
822
823
824
825
826
827
828
830
832
834
837
839
840
841
842
843
844
847
848
849
851
852
855
856
857
858
859
860
861
862
863
864
865
867
868
869
870
871
873
875
876
881
882
883
884
885
886
887
889
890
891
892
893
895
898
899
900
901
903
905
906
907
910
912
913
914
915
916
917
920
922
923
924
925
926
927
929
930
932
933
934
936
937
940
941
943
945
946
947
948
949
950
953
954
955
956
958
960
962
963
964
965
967
968
969
972
974
975
976
977
978
980
981
984
985
986
988
990
992
995
996
997
998
999
1000
1001
1003
1004
1005
1007
1008
1009
1010
1012
1015
1017
1018
1019
1020
1021
1022
1025
1026
1027
1028
1029
1030
1031
1032
1034
1035
1038
1039
1041
1042
1043
1045
1046
1048
1050
1053
1054
1056
1058
1059
1060
1061
1062
1063
1066
1067
1068
1069
1071
1072
1073
1074
1075
1076
1077
1080
1081
1082
1084
1085
1086
1087
1088
1089
1091
1092
1093
1095
1096
1097
1099
1100
1102
1103
1105
1106
1107
1108
1110
1112
1113
1114
1115
1117
1118
1120
1122
1123
1124
1126
1127
1128
1129
1131
1132
1133
1134
1135
1136
1137
1138
1139
1140
1141
1142
1144
1147
1149
1150
1151
1152
1154
1156
1157
1158
1159
1160
1161
1162
1163
1164
1166
1168
1169
1171
1172
1173
1174
1175
1176
1177
1178
1179
1180
1182
1183
1184
1185
1186
1187
1188
1190
1192
1193
1195
1196
1197
1198
1199
1200
1201
1204
1205
1208
1209
1210
1212
1213
1214
1215
1216
1217
1219
1220
1221
1222
1223
1224
1226
1227
1229
1231
1233
1235
1237
1240
1241
1242
1243
1246
1247
1248
1249
1251
1252
1253
1254
1255
1257
1259
1260
1261
1262
1263
1264
1265
1267
1268
1272
1274
1275
1276
1278
1280
1282
1283
1284
1285
1286
1287
1288
1289
1290
1291
1292
1293
1294
1296
1297
1298
1301
1302
1303
1304
1305
1308
1310
1314
1316
1318
1319
1320
1321
1322
1324
1326
1327
1328
1330
1333
1334
1335
1336
1338
1339
1340
1341
1342
1346
1347
1348
1349
1352
1353
1354
1356
1357
1358
1359
1361
1364
1365
1368
1369
1370
1372
1374
1375
1376
1378
1379
1382
1384
1385
1388
1389
1390
1391
1392
1393
1397
1398
1399
1400
1402
1404
1405
1410
1412
1413
1419
1420
1421
1422
1423
1424
1426
1428
1429
1431
1432
1433
1434
1435
1437
1438
1439
1441
1444
1445
1446
1447
1448
1449
1450
1451
1453
1454
1455
1456
1457
1458
1461
1462
1464
1465
1468
1470
1473
1474
1475
1476
1478
1480
1482
1483
1484
1485
1486
1487
1489
1490
1491
1492
1493
1494
1495
1496
1497
1498
1499
1500
1501
1502
1504
1505
1507
1508
1509
1510
1511
1512
1513
1514
1516
1518
1519
1522
1524
1525
1526
1527
1528
1529
1530
1532
1535
1538
1542
1543
1544
1545
1546
1547
1548
1549
1550
1552
1553
1554
1555
1556
1557
1561
1563
1565
1566
1567
1568
1569
1570
1571
1572
1574
1575
1577
1578
1579
1580
1581
1582
1583
1584
1585
1587
1589
1590
1591
1592
1593
1594
1598
1599
1600
1601
1602
1603
1606
1607
1609
1612
1613
1614
1615
1618
1619
1620
1622
1623
1624
1626
1627
1628
1629
1630
1632
1633
1634
1635
1636
1637
1638
1639
1640
1641
1642
1643
1646
1648
1649
1650
1652
1653
1654
1655
1656
1657
1658
1659
1660
1661
1662
1665
1666
1669
1670
1671
1672
1673
1675
1676
1678
1679
1680
1681
1682
1683
1684
1686
1688
1689
1690
1691
1692
1693
1694
1695
1696
1697
1699
1700
1703
1704
1706
1707
1708
1709
1712
1713
1714
1715
1716
1717
1719
1720
1721
1722
1723
1725
1726
1727
1728
1730
1731
1732
1733
1734
1735
1736
1738
1740
1741
1743
1744
1745
1746
1747
1748
1750
1751
1752
1753
1755
1757
1759
1760
1761
1762
1763
1764
1767
1768
1770
1771
1772
1774
1775
1776
1777
1778
1779
1780
1781
1782
1783
1785
1786
1787
1788
1789
1790
1791
1793
1794
1795
1796
1797
1799
1800
1802
1803
1804
1805
1809
1810
1811
1812
1813
1814
1815
1817
1820
1822
1824
1825
1828
1829
1830
1831
1832
1834
1835
1836
1838
1839
1841
1842
1843
1844
1845
1846
1847
1848
1849
1850
1851
1852
1853
1855
1856
1857
1861
1862
1864
1865
1866
1868
1870
1871
1872
1873
1875
1876
1878
1879
1880
1881
1885
1886
1887
1888
1889
1890
1891
1892
1894
1896
1897
1899
1900
1905
1906
1907
1908
1911
1912
1913
1914
1915
1916
1917
1919
1920
1921
1922
1924
1926
1929
1930
1933
1936
1937
1938
1939
1940
1944
1946
1948
1949
1950
1951
1953
1954
1955
1957
1959
1962
1964
1965
1966
1968
1969
1970
1972
1973
1974
1975
1976
1977
1978
1979
1980
1981
1984
1986
1987
1989
1990
1991
1992
1993
1994
1995
1996
1997
1998
1999
2000
2002
2003
2005
2006
2007
2009
2010
2011
2013
2014
2015
2016
2017
2018
2019
2020
2021
2022
2023
2026
2027
2028
2030
2031
2032
2033
2034
2035
2036
2038
2041
2042
2044
2045
2046
2047
2048
2052
2053
2054
2055
2056
2058
2059
2061
2062
2063
2065
2066
2067
2069
2070
2071
2072
2073
2074
2075
2076
2077
2078
2079
2080
2084
2085
2086
2087
2089
2091
2092
2093
2094
2095
2096
2098
2099
2102
2103
2105
2106
2108
2109
2110
2111
2112
2115
2116
2117
2118
2119
2120
2123
2124
2127
2128
2129
2131
2132
2133
2137
2138
2139
2140
2141
2143
2144
2146
2147
2148
2149
2150
2151
2152
2153
2154
2155
2156
2157
2158
2161
2162
2164
2170
2171
2172
2173
2174
2175
2176
2177
2178
2179
2182
2183
2184
2185
2186
2187
2188
2189
2190
2191
2192
2193
2194
2196
2197
2198
2199
2202
2204
2205
2208
2209
2210
2211
2212
2213
2214
2215
2217
2218
2219
2220
2221
2222
2223
2224
2225
2226
2227
2228
2229
2230
2232
2233
2234
2235
2238
2239
2240
2241
2243
2247
2249
2250
2252
2253
2254
2255
2256
2257
2259
2260
2261
2262
2263
2265
2266
2268
2270
2271
2274
2275
2277
2278
2279
2280
2281
2282
2283
2284
2285
2288
2289
2290
2291
2292
2295
2296
2297
2298
2299
2300
2301
2303
2304
2307
2308
2309
2311
2312
2315
2317
2318
2319
2322
2323
2324
2325
2326
2327
2328
2330
2332
2334
2335
2336
2337
2339
2341
2344
2345
2347
2348
2349
2350
2351
2353
2354
2356
2357
2359
2360
2361
2362
2364
2365
2366
2367
2368
2374
2375
2376
2377
2379
2381
2382
2384
2386
2387
2389
2391
2392
2393
2395
2397
2399
2402
2406
2407
2409
2413
2414
2415
2416
2419
2420
2422
2424
2425
2427
2428
2429
2430
2431
2435
2436
2437
2439
2441
2442
2443
2445
2446
2447
2449
2450
2451
2452
2453
2454
2456
2457
2460
2461
2463
2464
2465
2466
2467
2470
2473
2475
2476
2477
2478
2479
2480
2481
2482
2483
2484
2485
2486
2489
2493
2495
2496
2498
2500
2502
2503
2504
2507
2514
2515
2516
2517
2518
2521
2522
2523
2524
2525
2526
2527
2528
2531
2532
2534
2536
2540
2542
2543
2544
2545
2546
2549
2551
2553
2555
2557
2559
2560
2561
2564
2565
2566
2567
2568
2569
2570
2571
2572
2573
2574
2575
2576
2577
2578
2580
2581
2583
2585
2586
2587
2589
2591
2595
2596
2597
2599
2600
2601
2602
2604
2605
2606
2608
2609
2611
2612
2614
2615
2616
2620
2621
2622
2623
2625
2626
2627
2628
2629
2631
2632
2634
2635
2636
2637
2638
2639
2640
2641
2642
2644
2645
2646
2647
2650
2652
2655
2656
2657
2658
2659
2660
2661
2663
2665
2666
2667
2668
2669
2670
2671
2673
2674
2675
2676
2678
2679
2680
2683
2687
2688
2689
2694
2696
2697
2698
2699
2700
2702
2703
2704
2705
2707
2708
2709
2710
2712
2714
2715
2716
2717
2720
2721
2722
2725
2727
2728
2732
2733
2734
2735
2736
2737
2738
2739
2740
2741
2742
2743
2744
2746
2748
2749
2750
2751
2752
2753
2755
2756
2757
2759
2760
2761
2762
2764
2767
2768
2769
2770
2771
2772
2773
2774
2775
2778
2780
2781
2784
2785
2787
2788
2789
2790
2792
2796
2798
2799
2801
2802
2804
2806
2807
2808
2809
2810
2811
2812
2813
2815
2817
2818
2819
2820
2821
2822
2823
2824
2826
2827
2829
2837
2838
2839
2840
2843
2844
2845
2846
2848
2849
2851
2852
2855
2856
2857
2858
2859
2860
2861
2863
2864
2865
2867
2868
2869
2871
2873
2874
2876
2879
2880
2881
2882
2883
2886
2887
2888
2889
2890
2891
2892
2893
2894
2896
2898
2900
2901
2902
2903
2904
2905
2906
2907
2908
2909
2914
2915
2916
2918
2919
2922
2923
2924
2929
2931
2933
2934
2935
2936
2937
2938
2940
2943
2945
2946
2948
2950
2951
2955
2956
2957
2958
2959
2961
2962
2966
2967
2968
2970
2971
2972
2973
2975
2977
2979
2980
2982
2983
2984
2986
2987
2989
2990
2991
2992
2993
2994
2995
2997
3000
3001
3003
3005
3007
3008
3010
3011
3014
3015
3016
3017
3018
3019
3020
3021
3022
3024
3025
3026
3027
3028
3029
3030
3031
3032
3033
3034
3035
3037
3039
3042
3043
3045
3046
3047
3048
3050
3051
3053
3054
3056
3057
3058
3059
3060
3061
3062
3065
3066
3067
3068
3070
3073
3075
3076
3077
3078
3081
3082
3083
3084
3085
3086
3087
3090
3091
3093
3097
3098
3099
3100
3101
3103
3104
3107
3108
3109
3110
3111
3112
3114
3115
3116
3118
3119
3121
3122
3123
3125
3126
3127
3128
3129
3130
3131
3132
3133
3134
3135
3136
3139
3140
3141
3142
3144
3145
3146
3148
3149
3150
3151
3152
3153
3154
3155
3156
3157
3158
3159
3160
3162
3167
3168
3169
3170
3174
3177
3178
3179
3180
3181
3182
3183
3184
3185
3186
3187
3188
3189
3190
3191
3192
3193
3196
3197
3199
3200
3201
3202
3203
3205
3206
3207
3210
3211
3212
3213
3214
3215
3216
3217
3218
3219
3220
3221
3222
3225
3226
3227
3230
3231
3233
3234
3235
3236
3237
3238
3239
3240
3242
3243
3244
3245
3247
3251
3252
3253
3258
3259
3261
3262
3263
3264
3267
3268
3269
3272
3273
3275
3279
3280
3281
3282
3283
3285
3286
3288
3289
3290
3291
3292
3294
3295
3297
3300
3301
3303
3304
3305
3307
3310
3311
3312
3315
3316
3317
3318
3319
3320
3321
3322
3323
3324
3325
3326
3327
3330
3331
3332
3335
3336
3338
3339
3340
3341
3342
3344
3345
3346
3347
3349
3351
3355
3356
3358
3359
3363
3364
3366
3368
3369
3370
3371
3372
3373
3374
3375
3378
3380
3382
3383
3384
3387
3389
3391
3392
3393
3395
3396
3397
3398
3400
3401
3402
3403
3406
3409
3410
3411
3412
3415
3416
3417
3418
3420
3421
3423
3424
3425
3426
3430
3432
3433
3436
3438
3439
3441
3442
3443
3444
3445
3446
3449
3450
3451
3454
3455
3456
3457
3458
3459
3461
3463
3464
3467
3471
3472
3473
3474
3476
3478
3479
3481
3486
3488
3489
3490
3491
3492
3495
3496
3497
3498
3501
3502
3503
3504
3505
3507
3508
3509
3510
3511
3512
3513
3514
3515
3517
3518
3519
3520
3521
3524
3525
3526
3527
3530
3531
3532
3533
3534
3536
3538
3539
3540
3541
3542
3543
3545
3546
3547
3548
3549
3550
3551
3552
3554
3555
3556
3559
3560
3561
3562
3564
3565
3568
3569
3571
3572
3573
3575
3577
3578
3579
3580
3581
3583
3584
3585
3589
3590
3593
3594
3595
3596
3597
3598
3601
3602
3605
3606
3607
3608
3609
3613
3614
3616
3617
3619
3620
3621
3622
3623
3624
3625
3627
3628
3629
3630
3631
3632
3633
3634
3635
3636
3637
3638
3639
3640
3641
3642
3643
3644
3645
3646
3647
3648
3651
3653
3654
3655
3656
3658
3660
3661
3662
3663
3667
3668
3670
3671
3672
3674
3676
3677
3678
3679
3680
3683
3685
3686
3687
3688
3690
3691
3692
3695
3697
3698
3700
3704
3705
3707
3708
3711
3713
3715
3716
3717
3718
3719
3720
3723
3725
3728
3732
3736
3738
3739
3740
3742
3744
3745
3746
3748
3749
3751
3752
3753
3754
3755
3759
3760
3761
3762
3763
3767
3768
3769
3770
3773
3774
3775
3776
3779
3780
3782
3783
3784
3785
3786
3788
3789
3790
3792
3793
3794
3795
3796
3798
3799
3800
3801
3802
3804
3805
3807
3808
3809
3810
3811
3813
3816
3817
3819
3820
3822
3825
3826
3827
3829
3830
3832
3833
3834
3835
3836
3837
3838
3839
3840
3841
3842
3843
3844
3846
3849
3850
3852
3853
3854
3856
3858
3859
3861
3862
3863
3864
3866
3869
3870
3872
3873
3874
3875
3877
3878
3880
3881
3883
3884
3887
3890
3891
3893
3894
3895
3896
3897
3898
3899
3901
3902
3907
3908
3910
3911
3912
3913
3915
3918
3919
3921
3922
3923
3925
3926
3927
3928
3929
3930
3931
3932
3933
3934
3935
3939
3940
3941
3943
3944
3945
3946
3947
3948
3951
3952
3954
3955
3956
3957
3958
3961
3964
3965
3966
3967
3968
3973
3974
3975
3979
3980
3981
3984
3985
3986
3987
3988
3989
3991
3992
3993
3994
3995
4001
4002
4003
4004
4005
4007
4008
4010
4011
4013
4014
4016
4017
4018
4019
4024
4025
4026
4027
4028
4029
4030
4031
4033
4035
4036
4037
4039
4040
4043
4044
4046
4047
4049
4050
4052
4054
4055
4058
4059
4060
4061
4062
4063
4064
4065
4068
4069
4070
4071
4072
4073
4074
4077
4079
4081
4082
4084
4085
4086
4088
4090
4091
4092
4093
4094
4095
4096
4097
4098
4099
4103
4105
4107
4108
4109
4112
4113
4115
4116
4118
4119
4121
4124
4125
4126
4127
4131
4134
4135
4138
4141
4143
4144
4145
4146
4147
4148
4151
4152
4154
4158
4159
4160
4162
4164
4166
4168
4169
4172
4173
4174
4175
4176
4177
4178
4179
4183
4184
4192
4193
4194
4195
4196
4197
4198
4199
4200
4202
4203
4204
4206
4207
4210
4211
4212
4213
4214
4215
4217
4220
4222
4224
4225
4227
4228
4229
4230
4232
4233
4235
4236
4237
4239
4240
4241
4244
4245
4246
4247
4248
4249
4251
4252
4254
4255
4256
4257
4258
4260
4262
4263
4264
4265
4266
4267
4269
4270
4272
4274
4275
4276
4277
4278
4279
4281
4282
4284
4285
4287
4288
4289
4290
4291
4293
4294
4295
4296
4299
4300
4301
4302
4303
4304
4305
4308
4309
4312
4313
4314
4315
4316
4317
4319
4320
4321
4322
4323
4324
4326
4327
4328
4329
4330
4332
4333
4334
4335
4337
4338
4340
4344
4346
4347
4349
4350
4351
4353
4354
4355
4356
4357
4358
4359
4361
4362
4363
4366
4367
4368
4369
4370
4371
4372
4373
4375
4376
4377
4378
4379
4380
4381
4382
4383
4384
4385
4386
4387
4388
4389
4390
4391
4392
4393
4394
4397
4398
4399
4400
4401
4403
4404
4405
4406
4408
4409
4410
4411
4412
4413
4414
4415
4416
4417
4419
4420
4423
4424
4427
4428
4430
4431
4432
4433
4434
4437
4438
4439
4440
4441
4442
4443
4445
4448
4449
4450
4451
4453
4454
4456
4457
4459
4460
4462
4463
4464
4465
4466
4467
4468
4469
4470
4471
4474
4475
4477
4479
4480
4481
4483
4484
4485
4487
4489
4491
4492
4497
4498
4499
4500
4501
4502
4503
4505
4506
4510
4511
4512
4513
4514
4515
4519
4520
4521
4523
4524
4525
4526
4529
4530
4531
4532
4533
4534
4535
4536
4538
4540
4541
4542
4543
4544
4545
4546
4547
4549
4550
4553
4554
4555
4558
4559
4560
4561
4562
4563
4565
4568
4569
4570
4571
4574
4575
4576
4578
4579
4580
4582
4583
4585
4588
4589
4591
4592
4593
4594
4595
4596
4598
4599
4600
4601
4602
4603
4604
4606
4608
4609
4611
4613
4615
4616
4617
4618
4619
4620
4621
4622
4624
4625
4626
4627
4629
4630
4632
4635
4637
4638
4639
4641
4642
4644
4646
4647
4648
4649
4652
4653
4654
4655
4656
4657
4658
4659
4661
4662
4663
4667
4668
4669
4670
4673
4675
4676
4677
4679
4682
4683
4685
4686
4687
4689
4693
4694
4695
4698
4699
4700
4701
4702
4704
4705
4706
4707
4708
4709
4711
4712
4714
4715
4717
4718
4721
4722
4723
4724
4726
4727
4728
4731
4732
4733
4734
4735
4736
4739
4740
4741
4742
4744
4745
4746
4747
4748
4750
4751
4752
4753
4754
4756
4757
4758
4761
4762
4763
4764
4766
4767
4770
4772
4773
4774
4775
4777
4778
4779
4780
4781
4782
4783
4784
4785
4787
4788
4789
4793
4794
4795
4796
4797
4798
4799
4800
4801
4802
4804
4805
4809
4813
4814
4815
4816
4817
4819
4820
4821
4823
4824
4825
4826
4829
4830
4832
4834
4836
4837
4838
4840
4841
4842
4844
4845
4847
4849
4850
4852
4853
4854
4855
4856
4857
4858
4859
4860
4861
4862
4863
4864
4865
4866
4868
4869
4871
4872
4875
4876
4878
4879
4881
4887
4888
4889
4891
4892
4893
4894
4897
4898
4899
4901
4902
4903
4904
4906
4907
4909
4910
4911
4912
4914
4916
4919
4921
4922
4923
4924
4925
4928
4929
4930
4931
4932
4933
4934
4935
4936
4938
4939
4940
4941
4942
4946
4947
4949
4950
4951
4952
4953
4954
4955
4956
4958
4959
4961
4962
4963
4965
4966
4967
4968
4969
4970
4971
4972
4973
4974
4975
4977
4978
4979
4980
4981
4982
4983
4985
4986
4988
4991
4993
4995
4998
5000
5003
5004
5006
5008
5010
5011
5012
5013
5015
5016
5018
5019
5024
5025
5026
5027
5028
5029
5030
5031
5033
5035
5036
5040
5042
5043
5045
5046
5047
5049
5050
5051
5052
5055
5056
5057
5058
5062
5063
5064
5065
5066
5067
5068
5070
5071
5073
5078
5080
5082
5083
5084
5086
5089
5090
5091
5092
5093
5096
5098
5099
5100
5101
5103
5104
5106
5109
5110
5112
5113
5114
5115
5116
5118
5119
5121
5122
5123
5124
5125
5127
5128
5130
5131
5133
5134
5136
5137
5140
5142
5143
5144
5145
5147
5148
5149
5150
5152
5153
5154
5155
5156
5159
5160
5161
5163
5164
5165
5167
5168
5169
5170
5171
5172
5173
5174
5176
5178
5179
5180
5181
5182
5185
5186
5187
5189
5190
5191
5194
5195
5196
5197
5200
5201
5202
5203
5207
5208
5209
5210
5212
5213
5214
5215
5216
5217
5219
5221
5222
5224
5228
5230
5231
5232
5233
5235
5239
5240
5242
5243
5244
5245
5246
5247
5248
5250
5251
5252
5253
5254
5255
5256
5257
5259
5260
5261
5265
5268
5269
5270
5271
5272
5273
5274
5275
5276
5277
5278
5279
5280
5282
5283
5285
5286
5287
5288
5289
5290
5291
5292
5299
5301
5302
5304
5305
5306
5307
5308
5309
5310
5311
5313
5314
5315
5316
5317
5318
5320
5323
5324
5325
5326
5327
5329
5330
5331
5332
5334
5335
5337
5338
5339
5340
5342
5343
5344
5346
5347
5348
5349
5352
5353
5354
5355
5356
5357
5359
5360
5361
5362
5363
5365
5368
5369
5370
5371
5372
5373
5374
5375
5377
5379
5380
5381
5383
5386
5387
5388
5390
5391
5392
5396
5398
5400
5401
5402
5403
5404
5407
5408
5410
5413
5414
5417
5418
5420
5421
5422
5423
5425
5427
5428
5429
5431
5432
5434
5435
5436
5437
5438
5439
5441
5442
5446
5448
5449
5451
5452
5453
5454
5457
5458
5460
5461
5462
5464
5465
5466
5467
5469
5473
5475
5477
5478
5479
5480
5481
5482
5484
5485
5487
5488
5489
5490
5491
5493
5495
5496
5498
5499
5502
5504
5505
5506
5507
5512
5513
5514
5515
5516
5518
5519
5520
5522
5523
5524
5526
5527
5528
5529
5530
5532
5533
5534
5536
5537
5539
5540
5541
5544
5545
5546
5548
5549
5551
5554
5555
5556
5558
5559
5560
5562
5564
5568
5570
5571
5572
5575
5576
5577
5578
5579
5582
5583
5584
5585
5586
5588
5589
5593
5597
5598
5599
5600
5601
5602
5603
5604
5605
5606
5608
5609
5610
5612
5613
5614
5619
5620
5621
5624
5625
5626
5627
5628
5629
5630
5633
5634
5635
5636
5637
5638
5639
5640
5643
5645
5646
5647
5648
5649
5651
5653
5654
5655
5656
5657
5659
5660
5661
5663
5664
5665
5667
5669
5672
5673
5674
5675
5676
5677
5678
5679
5680
5681
5682
5687
5688
5689
5690
5691
5692
5693
5697
5698
5701
5703
5704
5705
5706
5707
5708
5711
5712
5713
5715
5716
5717
5718
5719
5720
5722
5723
5724
5726
5728
5729
5730
5732
5733
5734
5735
5736
5737
5740
5743
5745
5746
5748
5749
5750
5751
5752
5753
5754
5756
5757
5758
5759
5763
5764
5765
5767
5769
5770
5771
5772
5773
5774
5775
5776
5778
5779
5780
5782
5784
5785
5786
5787
5788
5790
5791
5792
5794
5795
5801
5808
5809
5810
5811
5812
5813
5815
5816
5817
5818
5819
5822
5823
5824
5825
5828
5832
5833
5834
5835
5837
5838
5839
5841
5843
5844
5845
5847
5848
5849
5850
5851
5853
5854
5855
5857
5858
5860
5861
5863
5865
5866
5867
5869
5870
5872
5874
5875
5876
5878
5879
5880
5881
5882
5883
5884
5885
5886
5887
5888
5889
5890
5891
5892
5893
5894
5895
5897
5899
5900
5902
5903
5904
5906
5909
5910
5911
5912
5914
5918
5921
5922
5923
5924
5926
5927
5929
5932
5933
5934
5936
5938
5939
5940
5941
5942
5944
5946
5947
5949
5950
5951
5952
5953
5954
5955
5956
5957
5958
5959
5960
5961
5962
5963
5964
5965
5966
5967
5968
5969
5970
5971
5974
5976
5978
5979
5980
5981
5985
5986
5987
5989
5990
5991
5992
5993
5994
5995
5997
6000
6001
6002
6004
6005
6006
6010
6011
6012
6013
6014
6016
6017
6020
6023
6025
6026
6027
6028
6030
6031
6032
6033
6034
6037
6038
6040
6042
6046
6047
6048
6049
6050
6053
6054
6055
6059
6060
6062
6063
6064
6065
6067
6070
6073
6074
6075
6076
6078
6080
6081
6082
6083
6084
6086
6088
6089
6090
6092
6093
6095
6096
6097
6098
6099
6102
6103
6104
6105
6107
6109
6111
6112
6113
6114
6116
6117
6119
6120
6121
6122
6123
6125
6127
6129
6130
6131
6132
6133
6134
6136
6137
6138
6139
6140
6141
6142
6143
6144
6146
6149
6150
6151
6153
6154
6155
6156
6159
6162
6163
6164
6165
6167
6171
6172
6175
6176
6178
6181
6184
6185
6186
6187
6191
6192
6194
6195
6196
6200
6202
6205
6206
6208
6210
6211
6212
6213
6214
6216
6217
6220
6221
6222
6223
6226
6227
6229
6231
6234
6236
6237
6238
6239
6240
6241
6242
6243
6246
6247
6248
6249
6250
6251
6252
6254
6255
6257
6258
6259
6260
6261
6264
6266
6269
6271
6273
6274
6275
6276
6277
6278
6279
6282
6283
6284
6289
6290
6291
6292
6294
6295
6296
6297
6299
6303
6305
6306
6307
6308
6309
6311
6312
6313
6316
6317
6319
6320
6321
6322
6323
6324
6325
6327
6328
6330
6332
6334
6336
6337
6338
6339
6340
6341
6342
6343
6344
6345
6346
6347
6348
6349
6350
6352
6353
6354
6355
6356
6357
6358
6359
6360
6361
6362
6364
6366
6367
6368
6369
6370
6372
6373
6374
6375
6377
6378
6379
6380
6383
6386
6388
6389
6390
6391
6392
6394
6395
6397
6398
6402
6404
6406
6407
6408
6409
6411
6412
6414
6415
6416
6417
6419
6420
6421
6422
6423
6424
6425
6427
6429
6431
6434
6435
6438
6441
6443
6445
6447
6449
6450
6451
6454
6456
6457
6459
6460
6461
6463
6464
6466
6468
6469
6471
6472
6473
6474
6475
6476
6477
6480
6483
6485
6486
6487
6489
6490
6491
6492
6494
6495
6498
6499
6500
6502
6504
6505
6508
6509
6511
6512
6515
6516
6518
6519
6521
6522
6523
6525
6526
6528
6531
6533
6534
6536
6538
6539
6540
6541
6545
6550
6551
6552
6553
6554
6558
6559
6560
6561
6563
6565
6566
6567
6568
6569
6571
6573
6574
6576
6577
6581
6582
6587
6588
6592
6593
6595
6597
6598
6599
6600
6604
6606
6607
6609
6610
6611
6615
6616
6617
6618
6619
6620
6622
6623
6624
6627
6629
6630
6631
6635
6636
6637
6638
6639
6640
6641
6643
6644
6645
6646
6647
6649
6650
6651
6652
6655
6656
6661
6663
6665
6666
6667
6668
6669
6670
6671
6672
6674
6675
6676
6677
6679
6680
6681
6683
6684
6685
6686
6687
6688
6690
6692
6693
6694
6695
6696
6697
6701
6702
6703
6707
6708
6709
6710
6711
6712
6714
6715
6717
6718
6720
6722
6723
6724
6725
6726
6727
6728
6729
6730
6731
6733
6734
6735
6736
6737
6738
6739
6740
6741
6743
6744
6745
6747
6750
6751
6752
6753
6754
6755
6757
6758
6759
6761
6763
6764
6766
6767
6768
6769
6770
6771
6774
6777
6778
6779
6780
6781
6782
6786
6787
6788
6789
6790
6791
6792
6793
6796
6798
6799
6801
6802
6804
6805
6807
6808
6809
6811
6815
6817
6818
6820
6821
6823
6824
6825
6826
6827
6828
6830
6831
6832
6833
6836
6839
6840
6841
6842
6844
6845
6846
6848
6851
6853
6854
6856
6858
6859
6860
6861
6862
6863
6864
6866
6868
6869
6871
6872
6873
6874
6878
6879
6880
6881
6882
6883
6884
6885
6886
6887
6888
6889
6890
6893
6894
6897
6898
6901
6902
6903
6904
6906
6907
6908
6909
6910
6912
6913
6915
6916
6917
6918
6921
6922
6924
6926
6927
6928
6930
6931
6932
6934
6935
6936
6937
6938
6939
6942
6943
6945
6947
6948
6949
6950
6952
6953
6954
6955
6957
6958
6959
6961
6963
6965
6966
6967
6971
6972
6973
6974
6975
6977
6978
6980
6981
6983
6984
6986
6988
6989
6990
6992
6993
6994
6996
6998
6999
7002
7003
7005
7006
7008
7010
7011
7013
7015
7016
7017
7019
7021
7022
7024
7026
7029
7030
7031
7032
7034
7035
7036
7037
7038
7039
7040
7041
7042
7043
7044
7045
7048
7049
7050
7051
7052
7053
7055
7056
7057
7059
7060
7062
7063
7065
7068
7069
7070
7071
7072
7073
7074
7075
7076
7077
7078
7080
7081
7082
7083
7084
7085
7086
7087
7089
7091
7092
7093
7094
7097
7098
7099
7103
7104
7106
7107
7109
7111
7112
7116
7118
7119
7120
7123
7125
7126
7127
7128
7129
7131
7132
7135
7137
7138
7139
7140
7141
7142
7145
7146
7147
7149
7151
7152
7155
7156
7157
7158
7159
7160
7161
7162
7165
7167
7168
7170
7173
7175
7176
7177
7178
7179
7180
7181
7184
7185
7186
7187
7188
7189
7190
7191
7192
7193
7194
7195
7196
7197
7198
7199
7200
7201
7203
7205
7207
7208
7209
7210
7211
7213
7214
7217
7218
7221
7223
7224
7225
7227
7228
7229
7231
7232
7233
7234
7235
7236
7237
7238
7239
7240
7241
7243
7244
7245
7246
7247
7248
7249
7253
7254
7255
7256
7257
7258
7259
7260
7261
7264
7265
7266
7267
7269
7270
7271
7272
7274
7275
7279
7281
7282
7284
7285
7286
7287
7288
7289
7290
7291
7292
7293
7295
7296
7297
7298
7299
7300
7301
7303
7304
7305
7306
7307
7308
7309
7312
7313
7314
7316
7317
7318
7319
7320
7321
7322
7323
7324
7325
7326
7327
7328
7330
7331
7332
7333
7335
7339
7340
7342
7343
7345
7346
7347
7348
7349
7350
7352
7353
7354
7355
7358
7361
7363
7364
7365
7367
7369
7370
7371
7372
7375
7376
7377
7378
7379
7380
7381
7382
7383
7384
7389
7390
7392
7393
7394
7395
7396
7397
7398
7399
7404
7405
7407
7409
7414
7415
7418
7419
7420
7421
7422
7423
7425
7427
7428
7429
7430
7431
7432
7433
7434
7435
7436
7437
7438
7440
7441
7442
7445
7448
7449
7450
7451
7452
7455
7457
7458
7460
7461
7462
7463
7464
7465
7467
7468
7469
7470
7471
7472
7474
7475
7479
7480
7481
7482
7483
7484
7487
7488
7490
7491
7493
7494
7495
7496
7497
7498
7499
7500
7501
7502
7503
7506
7507
7508
7510
7512
7513
7514
7516
7518
7519
7520
7522
7523
7524
7526
7527
7528
7533
7534
7535
7537
7538
7541
7543
7544
7547
7548
7550
7551
7552
7553
7555
7558
7559
7560
7561
7564
7565
7566
7568
7570
7571
7572
7573
7575
7578
7580
7582
7584
7585
7586
7587
7589
7593
7594
7595
7596
7597
7598
7599
7600
7601
7602
7603
7604
7605
7606
7609
7610
7612
7613
7614
7615
7616
7617
7619
7620
7621
7622
7623
7624
7626
7627
7630
7634
7636
7637
7638
7639
7640
7643
7644
7646
7648
7649
7651
7652
7654
7655
7656
7658
7659
7661
7663
7664
7665
7666
7669
7670
7672
7673
7677
7679
7681
7682
7683
7684
7685
7689
7690
7691
7692
7693
7694
7696
7700
7701
7704
7705
7706
7708
7709
7710
7711
7712
7713
7714
7716
7719
7720
7721
7722
7723
7724
7726
7727
7730
7732
7733
7734
7737
7739
7741
7742
7743
7745
7747
7748
7749
7750
7751
7752
7753
7754
7755
7759
7760
7762
7763
7764
7765
7766
7767
7768
7770
7774
7778
7779
7783
7784
7785
7786
7789
7790
7791
7792
7793
7795
7796
7798
7799
7800
7803
7804
7805
7806
7809
7813
7815
7816
7817
7818
7819
7822
7823
7829
7830
7831
7832
7833
7834
7836
7839
7840
7841
7844
7846
7847
7849
7850
7852
7853
7854
7856
7857
7858
7861
7862
7867
7868
7869
7870
7871
7873
7874
7875
7876
7879
7880
7882
7884
7885
7886
7887
7888
7889
7890
7891
7892
7893
7894
7895
7896
7897
7900
7903
7904
7905
7906
7907
7909
7910
7912
7913
7914
7917
7918
7921
7922
7923
7924
7925
7926
7927
7928
7929
7930
7932
7933
7934
7937
7939
7942
7943
7944
7946
7947
7948
7949
7950
7951
7954
7956
7957
7959
7961
7963
7966
7968
7969
7971
7972
7973
7975
7977
7978
7980
7981
7982
7983
7984
7985
7986
7987
7988
7989
7990
7992
7993
7994
7997
7998
8001
8002
8004
8005
8007
8008
8010
8011
8013
8014
8015
8018
8019
8022
8023
8024
8025
8026
8027
8030
8032
8033
8037
8038
8039
8043
8044
8047
8048
8049
8050
8051
8052
8055
8056
8060
8061
8063
8066
8067
8068
8069
8071
8072
8073
8074
