4
25
28
40
48
50
53
63
64
66
68
79
85
108
135
143
158
159
165
168
177
178
185
197
208
221
226
227
233
248
270
276
285
304
311
340
349
352
361
389
399
402
416
425
430
435
438
442
444
448
449
460
473
488
491
494
503
505
541
548
554
555
561
567
570
571
577
578
579
593
598
609
610
611
615
626
653
693
695
700
726
729
741
759
761
780
797
811
846
871
901
918
929
932
944
947
952
965
971
981
985
987
989
990
1002
1012
1019
1022
1025
1026
1044
1054
1063
1064
1065
1066
1080
1092
1093
1108
1118
1129
1130
1141
1150
1164
1167
1177
1179
1185
1189
1209
1219
1224
1237
1253
1265
1274
1276
1284
1305
1318
1365
1374
1398
1412
1420
1437
1472
1478
1488
1492
1498
1519
1522
1592
1597
1600
1613
1617
1629
1634
1639
1644
1654
1661
1662
1694
1701
1715
1723
1740
1752
1753
1764
1767
1784
1789
1809
1817
1849
1856
1860
1877
1887
1893
1902
1912
1922
1930
1934
1945
1946
1950
1957
1981
1983
1998
2003
2016
2021
2029
2042
2048
2062
2079
2108
2111
2125
2148
2151
2163
2166
2176
2178
2186
2190
2213
2215
2217
2244
2255
2256
2261
2272
2273
2279
2292
2294
2300
2304
2306
2317
2332
2338
2361
2367
2401
2403
2421
2431
2437
2440
2445
2447
2514
2515
2526
2547
2562
2572
2575
2585
2589
2606
2629
2642
2647
2648
2652
2656
2677
2681
2708
2712
2713
2719
2735
2755
2758
2767
2778
2780
2787
2797
2801
2809
2811
2814
2826
2840
2870
2872
2899
2923
2924
2929
2944
2956
2987
2990
3005
3023
3028
3034
3035
3036
3039
3043
3044
3046
3047
3079
3082
3089
3106
3108
3116
3118
3123
3136
3143
3155
3159
3160
3180
3196
3197
3206
3213
3222
3243
3256
3268
3270
3288
3292
3302
3305
3311
3341
3347
3368
3381
3398
3401
3431
3433
3435
3436
3446
3450
3457
3464
3476
3490
3496
3520
3523
3526
3552
3560
3573
3574
3575
3583
3584
3600
3605
3613
3631
3635
3637
3639
3654
3674
3687
3693
3716
3728
3745
3746
3751
3779
3785
3789
3792
3795
3814
3828
3834
3837
3846
3851
3856
3875
3876
3910
3920
3926
3943
3947
3950
3953
3957
3966
3973
3978
3989
3992
3996
4008
4031
4033
4053
4056
4074
4081
4088
4091
4093
4106
4108
4111
4115
4133
4147
4152
4159
4161
4167
4177
4179
4191
4202
4209
4218
4223
4224
4242
4261
4266
4268
4281
4285
4288
4289
4291
4316
4320
4327
4339
4341
4342
4346
4354
4357
4366
4371
4375
4378
4395
4419
4453
4460
4463
4465
4470
4475
4484
4489
4491
4509
4517
4536
4544
4559
4569
4587
4594
4596
4643
4646
4667
4669
4671
4694
4709
4727
4746
4769
4798
4812
4815
4818
4831
4833
4846
4859
4861
4868
4895
4898
4899
4900
4917
4935
4962
4965
4969
4970
4973
4976
4983
4984
4994
4999
5012
5014
5022
5028
5074
5084
5086
5087
5099
5113
5128
5131
5140
5146
5150
5154
5157
5160
5162
5167
5176
5206
5208
5236
5238
5239
5241
5244
5247
5270
5279
5282
5289
5300
5302
5310
5329
5338
5345
5365
5370
5389
5396
5409
5433
5453
5491
5494
5497
5514
5521
5525
5531
5561
5563
5569
5575
5583
5593
5630
5665
5674
5677
5678
5687
5695
5698
5711
5726
5727
5754
5763
5771
5787
5806
5811
5816
5826
5827
5848
5852
5854
5857
5859
5894
5895
5896
5917
5921
5924
5930
5932
5943
5961
5963
5964
5968
5983
5986
5987
6015
6024
6034
6057
6063
6066
6080
6088
6092
6104
6105
6114
6116
6125
6144
6154
6159
6192
6213
6217
6236
6255
6262
6269
6272
6297
6301
6305
6315
6318
6336
6337
6343
6360
6367
6377
6390
6399
6402
6408
6410
6420
6427
6434
6446
6448
6454
6488
6493
6503
6504
6532
6535
6564
6571
6577
6591
6595
6619
6627
6640
6651
6652
6653
6654
6661
6666
6667
6719
6728
6761
6765
6776
6778
6780
6787
6801
6833
6839
6844
6852
6854
6863
6872
6891
6910
6924
6928
6931
6946
6981
6982
6983
6991
6992
6999
7010
7017
7034
7041
7083
7085
7111
7122
7127
7134
7137
7143
7159
7182
7190
7192
7194
7201
7230
7234
7240
7272
7279
7282
7293
7299
7318
7322
7358
7385
7388
7389
7395
7397
7406
7411
7423
7437
7444
7446
7453
7458
7470
7472
7478
7497
7514
7524
7527
7540
7552
7566
7586
7587
7589
7618
7626
7654
7684
7692
7693
7695
7707
7724
7726
7732
7735
7741
7745
7749
7752
7756
7767
7769
7776
7784
7810
7817
7830
7844
7848
7852
7853
7856
7887
7895
7898
7911
7912
7925
7933
7940
7949
7950
7955
7962
7979
7984
7988
8031
8057
8060
8064
8065
8069
