0	500
111	0
111	3406
111	4695
111	3334
2163	0
2163	711
2163	1998
2163	107
156	0
156	2298
156	4237
156	687
156	104
172	0
172	2430
172	3764
172	3867
172	2908
172	1569
172	1410
172	3540
172	3554
214	1835
214	4268
1679	2825
1679	2027
290	801
290	1999
290	1758
290	732
305	2067
305	262
4137	4703
4137	1846
4137	1847
4137	1848
4137	616
374	1413
374	3326
380	0
380	495
380	982
380	1374
380	2358
380	2055
380	3879
380	4415
380	676
380	132
380	1813
380	786
380	3553
380	4337
380	4577
380	76
380	77
380	78
380	79
380	80
380	81
380	82
380	83
380	84
380	567
413	3016
418	0
418	2814
418	377
418	3043
418	3047
418	3166
418	3049
418	3050
418	3051
438	3291
438	3292
2712	3019
495	3554
500	2712
516	1586
516	856
516	3300
516	4237
516	184
518	4082
518	451
518	4207
550	4649
550	4535
550	4536
570	255
570	4614
621	283
636	3553
667	4126
667	1560
706	500
706	605
706	606
412	4479
412	2869
412	2941
412	1804
754	1032
754	4706
754	1036
754	1037
754	1038
754	4117
3073	2443
3073	2387
3073	4950
3073	1442
3073	2591
4617	1679
4617	1203
923	850
952	2424
952	2427
982	2782
991	0
991	495
991	636
991	4130
991	3291
991	2920
991	3557
1007	317
1007	3011
1043	3196
3809	495
3809	2153
3809	2170
3809	2959
3809	3029
3809	4802
3809	2858
3809	3170
3809	240
3809	2183
3809	433
3809	1175
3809	1189
1093	1552
1093	758
1093	1310
1093	4285
1093	2207
1109	4925
1121	495
1121	3172
1121	4032
1121	4033
1121	4034
1121	4037
1121	4038
1121	4320
1121	4045
1481	2522
1481	1470
1481	3217
1481	57
1481	4153
1552	727
1222	495
1222	121
1222	123
1244	3421
1244	3197
1244	1512
1244	3545
2570	4978
2570	629
2570	3475
2570	1570
2570	2993
2570	3826
2570	472
2570	2818
2570	3553
1327	0
1327	2712
1327	495
1327	682
1327	306
1327	2007
1327	489
2965	4981
2965	599
2965	830
2965	831
2965	832
1414	2712
1414	3587
1414	1089
1446	0
1446	2712
1446	3450
1446	602
1446	1281
1446	1282
3330	0
3330	2000
3330	2460
3330	377
3330	2574
3330	2221
3330	1341
3330	3763
3330	3550
3330	4490
1484	4540
1484	2897
1511	1513
1545	3923
4629	4540
1554	4406
1554	2710
1554	4678
4126	667
4126	787
4126	854
4126	1099
4126	675
4126	3006
4126	7
4126	2588
4126	1720
4126	49
4126	1952
4126	4921
1560	667
1560	4949
1560	1441
1560	296
4015	2278
1571	1992
1577	3586
1577	3597
1586	1759
1586	2460
1586	1582
1586	184
2022	2248
2022	4680
2022	4700
4287	2456
4287	1391
4287	1394
4287	3265
4287	1921
4349	4724
4503	868
4503	4340
1671	3123
1671	3739
1671	4072
1671	57
1671	2038
1671	2039
1671	2040
1671	2041
1671	2042
1671	2043
1671	2176
1671	2014
1671	1482
1678	982
1678	4015
1678	2502
1678	2945
1678	4972
1678	4127
1678	3604
1678	2708
2160	3819
2160	4601
3266	1754
3266	1372
3266	2399
3266	2400
1748	3197
1748	4424
1748	2492
402	4018
402	2509
402	4948
402	4960
1759	0
1759	1586
1034	4015
1034	4055
1034	670
1034	2642
1034	119
1034	2556
1034	2557
1781	2252
1781	1501
4724	4349
4724	3884
1835	495
1835	2959
1835	3144
711	2163
711	1532
711	1967
3443	2022
1882	1969
1882	2895
3069	1601
1929	3464
1264	1949
1942	1264
1942	1949
1942	1029
1949	2910
1949	2970
1949	1104
1949	218
1949	3961
1949	3139
1949	3722
1985	3839
1985	638
1998	2163
2000	2018
2000	4494
2000	2044
2000	3537
2001	4596
2001	1615
2002	3124
2002	41
2002	582
2002	2279
2002	3339
2002	3340
2002	3341
4221	3218
4221	450
4221	534
2076	1336
2076	4575
2076	4616
2076	3622
2076	3623
2076	3624
2222	2226
2226	2222
2226	3780
2092	2670
2092	4496
2092	774
2092	3289
2121	3723
2121	3724
2121	3725
2121	3726
2121	3727
2443	2712
2443	3073
2443	4617
2443	1554
2443	3207
2443	625
2443	645
2443	1493
2443	714
2443	1009
2443	2974
2443	3361
2443	640
2443	2428
2443	2850
2443	2940
2443	3736
2443	3737
2522	1481
2153	3170
2153	3949
2153	3989
2170	2707
2170	4299
2198	495
2198	2734
2198	3189
2198	4225
2198	4226
2198	4227
2198	4228
2198	4198
2203	53
2203	171
2203	2458
2203	1265
2203	731
2203	4261
2203	3163
2203	751
2203	756
2209	495
2209	1650
2209	2726
2209	4485
2209	4370
2209	4371
2209	1435
2209	4373
2209	4374
2209	1448
2209	4572
2209	1724
2209	3799
2209	2255
2795	0
2248	2022
2248	2239
2248	4482
2252	1781
2252	3518
2266	4513
2266	4514
2266	4515
2266	2340
2266	4517
2266	2211
2266	4519
2266	3109
2266	4521
2266	4522
2266	1492
3845	4735
2386	3187
2386	4242
2386	4895
2386	4896
2386	4897
2386	4898
2386	4899
2386	4900
2386	4901
2386	4902
2386	4903
2386	4904
2386	3538
2387	3073
2387	1124
2387	2945
2387	4398
2417	495
2417	2422
2417	4390
2417	3507
2417	780
2420	1557
2420	4675
2420	1977
2420	4204
2420	3613
2420	3615
2420	127
2420	849
2430	495
2430	2819
2430	158
2430	159
2430	160
2430	161
2430	162
2430	163
2430	164
2430	165
2430	166
2430	167
2430	168
2437	495
2437	2341
2437	644
2437	2432
2437	224
2437	3553
2456	4287
2456	3206
2456	3950
2456	1055
2456	1391
2456	1394
2456	1395
2486	4189
2486	4596
2486	2869
2486	2015
2486	297
2486	502
2486	2978
2486	1917
2486	505
2497	4370
2497	552
2497	553
2502	0
2502	3839
4265	3463
4265	600
4265	601
4265	3557
2514	495
2514	3277
4950	3073
4950	2456
4950	1619
4950	4290
4950	2421
4950	2668
4950	4702
4950	659
4950	660
4950	661
4950	4369
4950	663
4950	664
4950	416
2531	691
2531	696
2531	697
2531	698
2531	699
2531	700
2531	701
4319	61
4319	308
4319	2530
4319	4987
4319	4993
23	722
4377	2221
2599	636
2599	1006
396	3916
2605	4189
2605	2596
4189	2486
4189	2605
4189	3300
4189	3916
4189	2953
4189	1310
4189	2459
4189	24
4189	1917
4189	507
4189	59
4189	73
4189	95
4189	109
4189	717
4189	211
4189	4468
4189	1053
4189	2130
4189	1044
4189	250
4189	1046
4189	1047
4189	310
4189	1049
4189	1050
4189	4060
4189	391
2631	37
2631	1103
2644	2665
2644	3586
2665	2712
2665	2644
2665	1465
2665	2590
2665	1223
2665	1224
2670	0
2670	2000
2670	2092
2670	19
2670	1227
2670	771
2670	1487
856	4977
856	2375
2707	2002
2707	2170
2707	2970
2707	41
2717	4792
2717	4978
2717	1402
2721	4605
2727	3542
2732	393
2732	58
2732	2583
2732	4353
2732	1420
393	2732
2773	3524
2773	4670
2773	1943
2773	2270
2773	1599
2773	1600
2773	2772
2773	1667
2773	3576
2778	3598
2778	3452
2778	2327
2778	1705
2778	1706
2778	1707
1451	3876
1451	3899
2785	495
2785	1727
2785	1728
2785	1729
2785	1730
2785	1731
2785	1732
2807	0
2807	2959
2807	1387
2807	1864
2807	1865
2807	1866
2807	767
2807	1868
2807	1869
2814	495
2814	1849
2814	3538
2819	0
2819	495
2819	1032
2819	1885
2819	1886
2819	1887
2819	1888
2819	1889
2819	1890
2819	1891
2819	1892
2819	1893
2819	1894
2819	1895
2819	1896
2819	1897
2819	1898
2825	1679
2825	518
2825	2955
2825	1735
2825	1934
2825	1935
1814	3539
1814	3625
1814	1956
1814	1957
1814	1958
1814	1959
1814	1960
729	2053
729	2093
729	4236
2924	2217
2926	4606
2926	2219
2926	3601
2935	2054
4091	1998
4091	2000
4091	3122
4091	3537
2959	3867
2959	1388
2959	2272
2959	2273
2971	3444
2971	2006
2971	654
2971	2288
3928	4447
3928	4016
3928	4471
3001	4809
3001	1675
3001	2361
3001	2362
3001	2363
3027	4063
3027	847
3027	722
3029	3809
3029	2335
3029	2215
3129	2321
3129	2368
3129	2545
3129	2546
3212	2050
3212	3780
3212	851
3212	4600
3212	2684
3066	3906
3066	2470
3066	2983
3066	1871
3066	543
3066	4432
3066	2716
3066	1030
3066	2718
3111	1209
3111	3422
3111	2779
3116	4229
3116	20
3122	4091
3123	1944
3123	3629
3123	3640
3123	1665
3124	2002
3124	1191
3153	3126
3153	2930
3200	2935
3200	3930
3200	4130
3200	4802
3200	219
3200	542
3200	3182
3200	2
3200	1404
3200	1907
3200	3189
3200	3422
3200	3539
3200	876
3200	3569
3200	4062
3200	3881
3200	4990
3200	639
3200	3242
3200	776
3200	1035
3200	2655
3200	3132
3200	3239
3200	3383
3200	3913
3200	3915
3200	3937
3200	4321
3200	1313
3200	4760
3200	4761
3200	3885
3200	4763
3200	4764
3200	4765
3200	4766
3200	4767
3200	4768
3200	4769
3200	4770
3200	4771
3200	4772
3200	4773
3200	4774
3200	4775
3200	4776
3200	4777
3200	4778
3200	4779
3200	4780
3200	4781
3200	4782
3200	4783
3200	4784
3200	4785
3200	4786
3200	4787
3200	4788
3200	4789
3200	4790
3200	4791
3200	3992
3200	4793
3200	4794
3200	4795
3200	4796
3200	4797
3200	4798
3200	4011
3200	4800
3200	4801
3200	4019
3200	4803
3200	4804
3200	4805
3200	4031
3200	4036
3200	4808
3200	1776
3200	4810
3200	4050
3200	4812
3200	4813
3200	4814
3200	4815
3200	4816
3200	4817
3200	4070
3200	4819
3200	4820
3200	4821
3200	4822
3200	4823
3200	4824
3200	4825
3200	4826
3200	4827
3200	4828
3200	4829
3200	4830
3200	4831
3200	4832
3200	4833
3200	4834
3200	4835
3200	4836
3200	4837
3200	4838
3200	4839
3200	4145
3200	4841
3200	4842
3200	4843
3200	4844
3200	4845
3200	4166
3200	4847
3200	4848
3200	4849
3200	4850
3200	4851
3200	4852
3200	4853
3200	4854
3200	4855
3200	4856
3200	4857
3200	4858
3200	4859
3200	4860
3200	4861
3200	4862
3200	4863
3200	4231
3200	4865
3200	4866
3200	4867
3200	4868
3200	4252
3200	4870
3200	4871
3200	4872
3200	4873
3200	4874
3200	4875
3200	4876
3200	4877
3200	4878
3200	4879
3200	4880
3200	126
3200	4882
3200	4883
3200	4884
3200	4305
3200	4886
3200	4887
3200	4888
3200	4889
3200	4890
3200	4891
3200	4892
3200	4893
3200	4894
3200	4348
3200	4351
3200	3305
3200	4361
3200	4362
3200	4366
3200	4372
3200	4378
3200	4381
3200	4384
3200	4905
3200	4906
3200	4907
3200	4908
3200	4909
3200	4408
3200	4911
3200	4912
3200	4913
3200	4914
3200	4915
3200	4916
3200	4917
3200	4918
3200	4919
3200	1343
3200	1344
3200	1345
3200	1346
3200	2730
3200	1348
3200	1349
3200	1350
3206	0
3206	2456
4176	32
4176	3328
4247	4571
4247	541
4247	4268
4247	1963
4247	815
4247	3515
4247	4073
4247	3375
3219	4128
3219	4607
3219	3147
3219	496
3234	3435
3243	677
3243	4697
1651	0
1651	2733
1651	1353
1651	2501
1651	4150
1651	2902
1651	3465
1651	3466
1651	3467
1651	3468
1651	3469
1651	3470
1651	3471
1651	3472
1651	1541
3258	3550
2975	1453
2975	3880
2975	3000
2975	3578
2975	406
2975	1210
2975	1218
2975	3509
3288	3123
3288	32
3288	3555
3306	495
3306	4715
3306	1938
3306	2071
3312	3166
3312	2492
3312	3679
3312	2240
4991	1554
4991	702
4991	4237
4991	4446
3347	1481
3347	758
3347	2857
3347	531
3347	678
3347	4040
3347	3788
3349	3019
3349	1295
3349	3801
1117	3142
1117	4704
1117	4552
1117	1805
1117	2593
1117	3803
1117	3804
1117	4719
1117	3806
2339	2570
2339	287
2339	2119
2339	3085
2339	2649
2339	3603
2339	3870
2339	3871
2339	3872
2339	3873
2910	2312
2910	3547
3415	3880
3415	3910
3421	4709
3518	2252
702	4991
702	3944
3450	495
3450	1582
3450	1694
3450	3157
3450	3896
3450	3974
3451	2218
3451	2770
3451	3985
4640	222
4640	1754
1124	2387
1124	4496
1124	1110
1191	3124
1191	517
3505	2281
3505	3551
3530	4170
3530	4171
3530	4172
3530	4173
3530	4174
1472	365
1472	4016
1472	375
1557	2420
1557	3613
1557	3614
1557	3615
1557	127
1557	849
1659	2968
1659	2344
1659	3846
1659	4728
1659	1677
1659	4262
1659	4263
3589	2381
3589	4280
3595	4503
3595	3069
3595	4055
3595	859
3595	130
3595	1582
3595	829
3595	1389
3595	1616
3595	1411
3595	1769
3595	4284
3595	65
3631	4385
3631	4638
3631	4461
99	4076
2287	0
2287	3306
2287	694
2287	1532
2287	2643
2287	3182
2287	2851
2287	2606
2287	4665
2298	156
2298	1214
1564	1238
2381	2745
2381	4699
2484	1481
2484	2643
2484	4460
3759	3497
3759	3708
3759	1376
3759	3744
3759	4741
3759	4742
3761	4452
3761	2597
3761	4746
3761	4747
3761	4748
3761	4749
3761	4750
3761	4751
3761	4752
3764	1582
3764	4756
3764	4757
3770	495
3770	554
3770	3577
3770	303
3770	615
3770	3957
3770	3960
3770	3964
3770	3970
3770	3973
3770	3979
3046	4444
2791	667
2791	247
2945	0
3839	1985
3839	2502
3841	2712
3841	2502
3841	139
3841	424
3841	2555
3841	2540
3841	3105
3841	3106
3841	3113
3841	499
3841	797
3841	2357
3841	3898
3841	3379
3841	3914
3841	4266
3841	1412
3847	3443
3847	3308
139	3841
3867	4140
3867	2908
3867	4086
3867	3553
3900	1532
3900	63
3902	670
3902	4952
3444	2170
3444	657
3916	396
3916	4995
3923	1545
3923	1566
3923	1752
3923	3628
3923	11
3930	90
3930	25
3930	26
3930	27
3930	200
3935	356
3935	2669
3935	2994
3906	3066
3906	4278
3906	791
3906	4707
3906	4224
3906	91
3906	92
3950	1055
3950	1394
3950	1901
3950	1904
3958	330
3958	1055
3958	1037
3958	1745
3958	4555
3958	3878
3958	125
2422	2417
2422	2456
2422	2819
2422	4280
2422	177
2422	1602
2422	179
2422	1184
3972	495
3972	320
3972	1011
3972	1013
3972	3077
3972	4549
3972	157
3972	191
3972	192
3972	193
3972	194
3972	195
3972	196
3972	197
3972	198
4006	4338
4006	279
4006	3422
4006	276
4006	277
4006	278
4035	356
4035	1546
4035	4645
1770	3142
1770	51
1770	3619
4048	495
4048	2908
4048	2873
4048	4984
4048	130
4048	3318
4048	2620
4048	174
4048	2849
4048	1180
4048	4114
4048	2577
4048	468
4048	469
4048	3076
4048	3156
4048	3236
4048	1693
4048	474
4048	475
4048	476
4048	4688
4063	3027
4063	3218
4063	584
4063	585
4599	495
4599	4528
4599	2221
4599	3765
3448	3363
3448	2552
3448	3941
3448	666
4118	682
4118	4342
4118	1069
4118	752
4118	753
4119	2705
4119	755
4130	495
4130	2870
4140	3867
4140	1940
71	1563
71	4959
71	842
4250	1109
4164	495
4164	4175
4164	4546
4164	4399
4164	1250
4164	4937
4164	2637
4164	598
4164	3817
4164	1853
4164	4988
4164	1884
4164	1908
4164	4245
4164	4081
4164	1954
4164	221
1017	4679
1017	1546
1017	3324
1017	2423
1017	2603
4205	3488
4205	3633
4205	3635
4205	1015
4223	1901
4223	3247
4223	780
4223	2694
4223	263
4223	563
4223	3818
4223	1074
4223	2233
4223	1066
4223	1634
4229	3116
4229	4406
4229	2600
609	1341
609	3552
4237	4991
4237	4596
4237	2908
4237	401
4237	1470
4237	1526
4237	1950
4237	2376
4237	2802
4237	207
4237	1226
4237	2133
4237	1088
4237	1207
4237	1090
4237	1091
4237	3537
4269	4270
4269	983
4269	1173
4270	0
4270	4110
1085	2955
1085	2529
1085	1289
1085	1290
1085	1291
1085	1292
4308	2280
4315	2942
4315	742
4315	1235
4315	1325
4315	2576
4338	4006
4338	4818
4338	356
4338	2934
4338	1351
4338	1352
4345	2188
4345	1199
4347	2966
4347	1370
2641	2709
2641	1480
2641	1483
2641	384
2641	1642
2641	1449
2641	2912
2641	2917
2641	1384
2641	1385
4375	1969
4375	2464
4375	2861
4375	1262
4406	1554
4406	4229
4406	4395
4406	587
1860	1497
4467	2094
4467	735
4467	1531
4467	3836
4467	1533
4467	1534
4467	1535
4467	1536
4467	1537
4467	1538
2125	3759
2125	1410
2125	1596
2125	322
2125	4556
2125	2832
2125	1364
2125	1556
2125	1578
2125	3621
2125	4129
2125	4917
2125	4926
2125	4927
2125	4928
2125	4929
2125	4930
2125	4931
2932	573
2932	2724
2932	3422
2932	4093
2932	1587
4488	1674
4488	4165
4497	495
4497	991
4497	2198
4497	4205
4497	1860
4497	758
4497	760
4497	2719
4497	4306
4497	1398
4497	1497
4497	1700
4497	1702
4497	1703
4497	1704
4497	2842
4497	2843
4497	3717
4497	4628
4497	1318
4497	1319
4497	4054
4497	114
4497	118
4497	2148
4497	870
4497	871
4497	872
4497	873
4498	1251
1699	0
1699	2170
1699	4956
1699	478
1699	4932
1699	12
1699	1708
1699	1709
1699	1710
1699	1711
4528	4291
4528	361
4528	4246
4528	4455
4528	186
4528	1870
4540	1484
4542	2309
4542	3126
4542	202
4542	3537
4547	1387
4547	1625
4550	4433
4550	4524
4550	3488
4550	4400
4550	15
4550	2187
4550	4578
4550	1817
4550	1818
4550	1819
4496	2092
4496	3333
4496	1968
4496	1498
4496	1970
4496	1971
4496	1972
4496	1973
4496	1974
2897	1484
2897	3902
2897	3585
2897	3934
4596	4147
2908	2770
2908	1042
4606	4809
4606	1453
4606	810
4606	1377
4609	1767
4611	495
4611	2430
4611	4265
4611	1410
4611	1596
4611	4064
4611	2013
4649	550
4649	692
4649	2943
4649	4536
4649	2097
4649	2292
4649	2297
3197	708
3262	2268
3262	1846
3262	2435
3262	2117
4675	0
4675	4130
4675	4571
4675	3947
4675	4758
4675	2364
4675	4397
4675	3257
4681	130
4681	2782
4681	2979
4685	4806
4685	4179
4685	665
4685	2150
4685	2151
3406	111
3406	393
3406	3334
3406	1365
3406	1468
3406	2249
3406	3104
3406	2162
4695	111
4695	4590
4695	1000
4695	1019
4695	4544
4695	4951
4695	2164
4695	2165
4703	1465
4703	2189
2953	211
2953	4468
2953	1053
2953	250
2953	1046
2953	1047
3032	2880
3032	4976
3032	1312
3032	2467
3032	596
3032	876
3032	2475
4755	2807
4755	3280
4755	173
4755	2951
4479	1571
4479	3784
4479	2525
4553	1261
4553	4556
41	2002
41	2707
4792	2717
4792	2805
4799	1093
4799	2770
4799	4239
4799	2324
4802	2326
4806	3086
4806	3511
4809	495
4809	621
4809	3001
4818	1976
4111	2484
4111	3504
4111	3853
4111	2372
838	4391
838	2389
2027	1679
2027	3589
4424	1545
4424	4428
4424	2460
4428	4424
4428	2460
4428	4920
2460	4424
2460	4428
2460	4920
4920	4428
4920	2460
2873	2194
2873	4478
2873	2452
2873	4483
2873	2454
4956	1699
4956	12
4956	1711
4956	2489
4956	2490
4956	2491
4956	1900
4956	2493
4956	610
4956	2495
4956	2496
4110	4270
4110	493
4972	414
4972	2517
4972	2518
4972	2519
4978	2717
4978	4357
4978	624
4978	2534
4984	495
4984	4802
4945	3368
4945	345
4981	2965
4981	2262
4981	3600
4981	2611
13	828
13	2657
13	2658
17	1230
17	1899
17	2933
17	2664
17	713
17	2666
17	2667
19	2670
19	116
19	4199
20	3116
21	754
21	33
1104	1949
218	1942
218	1949
218	4754
32	4176
32	3288
33	21
33	3549
38	4608
38	2457
38	2691
47	656
47	143
47	641
47	2696
47	2697
47	2698
47	2699
47	2700
47	2701
47	2702
47	2703
47	2704
53	583
53	208
458	247
458	414
541	495
541	645
541	1991
96	2285
96	451
3368	2712
3368	2514
3368	239
670	1532
687	2433
104	156
106	156
828	13
828	2803
828	2804
124	1656
124	2809
859	0
859	531
859	551
859	3650
859	1068
859	2815
859	2816
130	1940
130	4243
130	397
130	2820
136	2514
136	2582
136	50
136	2800
136	1862
136	2407
136	1837
136	2839
136	3538
151	4556
151	4510
151	2845
151	2846
151	2847
151	1911
1179	3192
205	1983
205	2389
205	2390
205	2896
205	2205
205	2898
205	2899
205	2900
205	2220
205	2224
205	2228
205	2904
205	2234
205	2906
205	2907
205	3554
213	1298
219	2711
219	2921
1569	172
1569	3569
1569	2607
1569	2964
1723	1034
1723	2557
283	621
283	3537
286	1338
286	3320
321	2929
321	867
321	14
321	1400
321	3039
321	3040
321	3041
321	3042
330	2819
330	992
330	3053
330	3054
330	3055
330	3056
330	3057
330	3058
330	3059
330	3060
330	3061
330	3062
356	1625
356	4470
356	3117
365	3816
365	2074
365	2962
365	1578
365	3133
365	3134
373	656
388	264
388	4548
388	3131
388	3171
388	3173
401	1722
409	3902
409	130
409	1652
409	3795
409	3198
409	3199
2278	2000
2278	1938
2278	3202
419	1376
421	626
424	1835
424	1582
434	4229
434	4575
434	3231
434	3232
444	3244
444	3245
444	3246
456	4799
456	3155
456	3267
456	3268
478	484
478	843
478	1639
478	3281
478	3282
478	3283
478	3284
478	3285
2858	2959
2858	3873
484	1918
538	3352
542	1374
542	3355
3218	4221
3218	4063
3218	4119
3218	4414
1438	495
1438	2760
1438	3296
1438	3384
1438	3385
1438	3386
1438	3387
1438	3388
1438	3389
1438	3390
1438	3391
1438	3392
1438	3393
1438	3394
1438	3395
1438	3396
1438	3397
561	564
561	575
561	3410
561	3411
582	2002
582	749
582	2244
599	495
599	51
3474	3747
3525	3746
3525	1392
625	2443
625	714
3784	3450
3784	4479
3784	4965
3784	568
3784	1876
3784	2520
3784	3499
645	2443
645	541
645	1186
648	3192
648	4619
648	1295
4481	3488
679	2712
679	1075
680	2239
680	1215
680	4645
680	3531
680	1445
680	1450
680	3534
680	2928
682	495
682	1327
4066	2934
4066	3802
4066	602
4066	3091
4076	2472
4076	4489
4076	3548
4076	1521
4086	758
694	2688
694	3571
2831	2618
2831	737
2831	980
2831	3602
4268	1043
4268	1963
4268	3344
4268	761
719	214
719	4996
719	1780
719	4429
719	4214
719	154
749	2002
749	582
4469	240
4469	3622
4469	4646
758	4130
758	4086
758	760
758	3717
760	758
760	3942
760	3717
782	2312
782	4959
782	2855
782	3745
782	3540
787	4724
4715	495
4715	636
4715	1093
4715	3306
4715	816
4715	3332
4715	2374
4715	738
4715	2071
4715	4736
4715	3959
4715	4970
4715	2675
4715	2679
816	3782
819	4194
819	757
847	2002
847	3027
850	923
850	3822
850	3823
850	3824
850	3825
854	4126
868	2712
868	621
868	4503
171	62
171	3840
4679	495
4679	1017
4679	4802
4679	4114
4679	3842
4679	3115
306	1327
306	2007
306	512
306	101
306	549
306	2448
306	3854
306	3856
306	3857
306	3858
306	3859
306	3860
306	3861
306	3225
306	3863
306	3864
306	3865
2018	0
2018	2712
2018	2000
2018	3869
2018	3888
2018	3889
2018	3890
2018	3343
2018	3892
2018	3893
2018	3894
2018	3895
638	3129
638	1298
638	1303
638	1307
668	495
668	1387
668	1404
668	488
668	3931
668	3932
668	3933
714	2443
714	625
714	1009
714	3924
1009	2443
1009	4640
1009	714
4179	4685
4179	3278
4179	1950
1033	1045
653	3450
653	3900
653	4481
653	3971
653	363
4680	2022
4700	4680
1010	106
1010	2745
1010	2757
1055	3923
1055	3950
1055	3980
1055	3981
1055	3926
1048	2605
1048	3945
1048	1558
1048	4005
1048	1565
1048	3005
1048	1568
1048	1967
1048	2797
1048	2856
1048	3939
1048	3986
1048	3987
1070	2001
1070	3537
1073	2712
1073	1075
1073	4357
1075	1073
1212	3200
1212	2146
1212	2801
1212	1181
1212	2265
1212	2746
1212	3969
1212	4077
1230	4818
1230	17
1230	4690
1220	1109
1220	3438
1220	2353
1220	4123
1261	4553
1261	2838
1261	1556
1298	213
1298	638
1298	1303
1298	1307
2268	3262
1303	638
1303	1298
1307	638
1307	1298
1310	1872
1336	2002
1336	2076
1336	139
1336	4184
1338	286
1338	3253
1339	1008
1339	3996
1339	3997
1374	542
1374	876
1374	315
1374	4235
1387	4547
1387	3816
1387	4253
1391	2456
1391	2182
1394	4287
1394	2456
1394	3206
1394	3950
1394	1391
1395	4287
1395	2456
1395	3950
1395	1394
1395	2185
1395	2186
1395	1901
1401	1294
1401	4433
1401	4277
1948	4802
1948	130
1948	4967
1948	573
1948	845
1948	4251
1948	4292
1948	4282
1410	495
1410	1423
1410	2986
1410	3506
1410	977
1417	2466
1417	251
1423	346
1424	495
1424	636
1424	3746
1424	4420
1424	1183
1424	4322
1424	4323
1424	4324
1424	4325
1424	4326
1424	4327
1424	4328
1424	4329
1365	3307
1365	3754
1365	2012
1365	1266
1365	1271
3280	4755
3280	2487
1442	3073
1447	1523
1470	3177
1470	624
1486	4291
1486	4448
1486	4449
1486	4451
1526	2908
1526	4943
1526	1031
1526	1845
1526	2676
1526	3639
1532	3900
1546	1017
1546	2485
1550	4520
3945	1048
3945	4005
3945	1565
3945	1967
3945	3939
3945	4529
1558	1626
1558	2856
1558	3984
1558	2380
1558	4525
1558	4527
1558	2439
1558	4538
1558	4539
1558	2451
1561	2856
1563	1033
4005	1048
4005	3945
4005	1565
1565	1048
1565	3945
1565	1558
1565	4005
3005	1048
3005	1558
3005	1568
3005	2856
1568	1558
1568	3005
1967	711
1967	1048
1967	3945
1967	4005
1967	1565
1582	3764
1582	2784
1596	1093
1596	4592
1615	2001
1615	3258
1615	436
1619	516
1619	1655
1619	4627
1627	636
1627	4802
1627	678
1627	4639
1640	2712
1640	4332
1640	3488
1640	504
1650	338
1650	4322
1650	4657
1696	2959
1696	1006
4390	2417
4390	1582
4390	1722
4390	3653
4390	4729
4390	4730
4390	4731
4390	4732
1722	1267
1722	4745
4947	2227
4947	2395
1758	581
774	290
774	2092
774	4402
255	570
255	3311
255	4864
1795	4254
2067	2852
2067	4314
2067	4241
2067	4193
2067	1194
2067	2684
2067	3498
2067	2769
262	305
387	305
387	93
387	2867
387	2879
1846	4137
1846	3262
1847	1034
1848	4345
1848	4230
1902	2800
1902	3
1902	4
1906	8
259	4599
259	4089
259	1989
708	4413
1919	1209
1919	1924
1209	3111
1209	1919
1209	1924
1940	4140
1940	130
1434	1215
1434	1634
1984	729
1984	1906
1984	1407
1984	1418
1984	2840
1984	4655
1984	655
1984	4457
1984	145
1984	146
1984	147
1984	148
1984	866
1984	150
1984	2434
1984	4541
1413	374
1413	2929
1413	2344
1413	1092
1413	155
1963	4247
1969	2464
1969	2862
1969	1262
1969	56
1969	134
1969	135
1969	169
1977	3528
1977	4416
1981	3930
1981	3919
1991	495
1991	541
1991	784
1991	2131
1992	418
1992	1571
1992	1748
1992	1875
1992	3550
2024	4663
1938	3306
4967	1948
4967	1965
2075	1673
2075	2217
2075	2878
2075	268
2075	269
2075	270
1653	2955
1653	1824
1653	294
2115	258
2115	318
2115	319
2115	1927
2115	1932
2123	2712
2123	356
2123	510
2123	355
2123	2116
2123	357
2123	358
2123	242
2123	1613
2123	3287
2123	3572
2123	712
2555	3841
2745	1010
2757	1010
2757	1841
2182	3206
2188	4345
2188	1199
2196	686
2196	979
2196	4301
2223	442
2223	452
2223	453
2223	454
2223	455
2262	4981
2262	4190
2262	260
2262	545
2262	546
2262	547
3326	374
3326	3368
3326	239
2279	2002
2279	562
2284	0
2284	384
2284	383
2285	96
2285	1930
2358	380
377	3567
2343	568
2433	687
2435	3262
2435	1505
2438	4205
2438	4458
2459	4441
2461	1414
2461	746
2461	4450
2461	748
4561	914
4575	434
2470	4557
2481	3072
2481	608
2487	3280
2487	875
2487	2686
2487	2508
2487	3416
2487	3425
2487	3220
2488	1370
2488	764
2488	4593
1028	2341
1028	3332
1028	3141
1028	2736
1028	2563
1028	788
1028	4339
1028	790
1028	4380
1028	792
1028	793
1028	794
1028	4659
1028	4662
1028	4477
1028	4671
1028	799
2500	2515
2500	2526
2523	2430
2523	2500
2523	834
2523	3570
2540	3841
2574	1339
2574	2404
2574	861
2574	862
2574	863
2574	864
2574	3547
247	2791
247	458
1842	2171
1842	257
2596	2605
3363	1748
3363	654
3363	848
2642	1034
2643	2287
2643	2484
692	4649
3797	4091
3797	4443
3797	557
3797	1416
3797	976
2678	3883
2678	4292
2678	984
2678	985
2678	986
2678	987
2678	988
2678	989
2680	2373
2680	3024
2680	994
2680	995
2680	996
2680	997
2680	998
2680	999
2688	4193
2688	1021
2688	1022
2688	1023
3528	1977
4082	518
4082	2219
4082	2271
4082	3834
2705	4119
2719	4251
2719	1039
2726	2209
2726	1051
2726	1052
2726	1634
2734	1078
2734	1079
2738	44
2738	1217
2738	4160
2738	4201
1251	3761
1251	4498
1251	1118
1251	1119
1251	1120
3918	274
1342	1386
1342	4144
1342	1139
1342	1140
1342	1141
2768	691
2768	153
2768	382
2768	1061
2768	1144
2768	1145
2768	1146
2768	1147
2768	1148
2768	1149
2768	1150
2768	1151
2768	1152
2768	1153
2768	1154
2768	1155
2768	1156
2768	1157
2768	1158
2768	1159
2768	1160
2768	1597
2768	1162
2768	1163
2768	1164
2768	1165
2768	1166
2768	1167
2768	1168
2768	1169
2768	1170
2775	4143
2775	2942
2792	4448
2792	1809
2792	1193
2805	3764
2805	4792
2805	4586
1668	1205
2817	2936
2817	1926
2817	1925
3438	0
3438	1220
3438	4444
3438	2162
2836	2857
2837	1340
1899	17
1899	322
1899	4000
1899	4001
1899	2074
1899	744
1899	3600
1899	1331
1899	1332
1899	1333
1899	1334
2852	2710
2852	2146
2852	4393
2852	1429
2239	0
2239	2248
2239	680
2239	2787
2239	1494
2239	3348
2239	2360
2239	1624
2239	3237
2857	3347
2857	2836
2857	1760
1978	1711
1978	2035
1978	1371
1978	2938
2870	2097
2870	3430
2870	1380
2929	2766
2929	1347
2929	6
2929	28
2929	4071
2933	17
2933	2667
2933	1443
2934	4338
2934	356
2934	606
2936	2817
2936	40
2936	1455
2936	4302
2942	1678
2942	4315
2942	356
2942	2775
2942	4332
2943	4649
2966	4347
2966	4546
2966	1370
2966	1495
2966	1496
2983	1502
2984	991
2984	2758
2984	1003
2984	3183
2985	2703
2985	3179
2985	3180
2985	3183
2985	1503
2758	2984
2758	2985
2758	1003
2758	2696
2758	2701
2758	2702
2758	3178
2995	3325
2995	3723
2995	4475
2995	4476
4379	3376
4379	506
4379	2606
4379	4109
4379	1528
4379	1529
4379	1530
4379	4403
4379	1873
4379	340
4379	226
4379	1315
3016	2506
3017	413
3017	727
3017	3837
3017	1549
3019	2712
3019	3048
3043	418
3043	1694
3043	1996
3047	418
3047	3491
3047	1590
3047	4125
3049	4256
3049	2283
3049	2290
3049	3642
3049	1592
3049	1593
3050	2830
3050	4233
3050	1595
3271	178
3271	2341
3271	556
3271	2241
3271	2256
3320	286
3320	3130
3086	4494
3106	3841
3130	3320
3135	493
3135	1293
3142	3458
4407	130
4407	1214
4407	1020
3182	495
3182	4802
3182	3708
3182	1672
3182	1714
3182	1715
3182	1716
3182	1717
3182	1718
3182	1719
3192	2502
3192	1179
3192	1257
3192	3020
3192	773
3192	1737
3192	1738
3217	1481
3217	1539
3217	1226
3217	1761
3217	1762
4286	3076
4286	1772
4286	1773
3248	2456
3248	2650
3248	742
3248	1431
3248	2728
3248	4170
3248	1788
3248	1789
3248	2393
3248	1791
3248	1792
3248	2445
3248	2229
3248	295
3248	1861
3249	4587
3249	1247
3253	1109
3253	1338
3253	292
3253	1953
3253	1802
4537	1702
4537	3028
3277	2514
3277	992
3291	438
3291	532
3292	438
3311	438
3311	2712
3318	438
3318	4048
3318	4114
3318	378
4391	838
4391	4676
3346	3535
3346	1874
1294	1401
1294	2921
1294	1878
629	2570
629	2167
3426	1922
3475	2570
3517	3566
3517	3976
3517	4486
3517	3520
3517	1979
3524	2773
3524	2772
3566	495
3566	1860
3566	4528
3566	3517
3566	2008
3585	2897
3585	3511
3585	1517
3585	1519
3585	2023
3598	1043
3598	432
1833	1953
2274	4521
3739	1554
3739	1671
3739	1482
3739	4646
2429	4192
3753	3002
3753	225
3404	631
3795	409
4072	1554
4072	2879
4088	3851
4088	3026
3802	2973
3802	4066
3802	2122
3813	1409
3813	1228
3813	3514
3813	2512
3813	2135
3813	2136
3813	2137
3813	2138
3813	2139
3813	2140
3813	2141
3813	2142
2760	1438
3222	3196
3222	3955
3222	2199
3222	2200
3222	2201
3868	495
3868	2727
3868	1864
3868	1269
3269	2719
3269	3995
3269	15
3269	771
3269	2214
3883	4341
3883	467
3883	988
3883	1584
3883	2210
3883	2237
3883	2259
3897	3814
3897	3943
3380	4264
3380	2293
3380	2294
3380	2295
3380	2296
2620	4048
2620	3210
2620	4114
2620	3627
3535	3450
3535	3346
3961	2712
3961	1949
4018	402
4018	4948
4018	4960
4018	1108
4018	2132
4018	4185
4058	875
4058	2949
4058	2920
4058	4260
4058	1602
4067	495
4067	1946
4067	1282
4080	494
4080	2062
4080	2124
4127	1678
116	19
116	2650
116	3808
116	4046
116	2671
116	4142
116	2147
116	978
116	4985
116	1337
116	3925
4169	3372
4169	3679
4169	2741
4169	2535
4169	2536
4169	2537
4169	2538
4175	4164
4175	2286
4175	4546
4175	4399
4175	2637
4175	1260
292	2617
292	2551
2003	3012
4192	2858
4192	816
4194	819
4194	1198
4194	1430
4194	3881
4194	4186
4194	4936
4194	2558
4194	2559
4194	2560
4194	2561
4195	2819
4195	1055
4195	3921
4195	4963
4195	3301
4195	3302
4195	3303
4195	482
4195	4438
4195	1361
4197	2583
451	518
451	96
451	2566
4207	518
4207	734
2972	1966
2972	655
2972	2584
2972	2539
2972	2586
2972	2783
685	493
685	2384
685	1766
4271	57
4271	2625
4273	4276
4273	2628
4273	2629
4273	2630
4276	4273
4276	2629
4276	2630
4276	2634
4464	4290
4464	4367
4285	1093
4285	2207
4290	4464
4290	1367
4290	2735
4290	3453
4290	3757
4290	1425
4290	2651
4290	2652
4332	1640
4340	4503
4340	4940
4342	4118
4342	2688
4342	785
4343	1240
4344	814
1747	3955
1747	3014
4356	495
4356	4067
4356	1747
4356	3938
4356	2636
4356	3993
4356	4255
4356	4404
4356	3009
4356	4670
4356	993
4356	4313
4356	1485
4356	1784
4356	1793
4356	2573
4356	138
4356	362
4356	2254
4356	2695
4385	3631
4385	4674
4395	4406
4413	708
4413	1125
4413	1105
4965	1572
4433	1401
4442	686
4442	4934
4442	1219
4447	3928
4447	3805
4447	4472
4447	1916
4452	4750
4452	2751
4452	2752
4460	2484
4460	1582
4460	2426
4494	2000
2286	4511
2286	548
4505	1198
4505	4220
4511	2286
4511	3483
4511	2822
4524	4550
2405	495
2405	4452
2405	4526
2405	2886
2421	495
2421	3950
4535	1552
4535	4167
4535	4168
4535	2848
4546	4164
4546	2966
4546	4175
4546	3817
4546	4988
4546	1884
4546	1908
4546	4245
4554	2059
4554	2865
4554	2866
4576	636
4576	2883
4576	2884
4061	2570
4061	1020
4061	2888
4061	2889
4061	2890
4061	2891
4061	1742
4061	2894
2880	3032
2880	3307
2880	2909
4594	14
4604	4605
4604	1945
4605	2721
4605	4604
4612	3520
4612	1094
4614	570
4615	570
4615	2218
3088	4153
4674	4385
4674	2419
4674	2969
4696	636
4696	4840
4696	865
4698	4519
4709	3007
4723	4452
4723	3747
4723	3545
4738	2221
4738	4466
4738	3022
4881	3177
4881	1849
4881	2853
4881	1242
4881	2157
4881	3093
4881	3094
4881	3095
4881	3096
4881	3097
4881	3098
4881	3099
4881	3100
4881	3101
4881	3102
4357	4978
4357	1073
3504	4111
4925	1109
4925	1511
4925	3169
2308	4249
2308	4533
4940	4340
4940	3176
4996	1733
4996	3632
4996	3230
2	2073
2	3241
2	3242
5	4710
5	4418
5	4421
44	495
44	2738
44	3128
30	1953
30	2538
30	3263
30	3264
57	1481
57	4271
61	4319
61	2525
61	2310
61	3272
537	4943
537	4021
93	387
93	2879
128	2481
173	4755
178	4474
178	4122
1214	2298
1214	4806
1214	4407
1320	3356
1320	3357
265	3507
1658	3191
279	2457
293	636
293	1447
293	1426
293	2010
293	1734
293	3407
293	560
293	3409
293	569
293	572
299	2571
299	3417
316	3144
316	3434
316	4459
316	3584
317	495
317	1007
317	3436
320	1306
322	4001
366	636
366	488
366	4206
366	3492
366	3493
2305	17
2305	2968
2305	3748
2624	3090
2624	2674
1367	495
1367	4290
1367	4922
1367	3776
1367	990
1367	170
1367	2652
1367	2844
1367	3558
1367	3568
1367	2017
492	4505
492	322
492	4001
493	4110
493	3135
493	685
493	141
493	2384
493	1765
493	1766
493	2796
493	426
493	3564
493	3565
493	3740
493	3758
510	2123
510	1918
517	1191
464	1975
464	2039
1975	464
1975	2039
1975	2916
1975	3581
1975	3582
523	3032
531	3347
531	859
532	421
532	3291
532	1836
3140	3362
3140	2962
3140	383
3140	3594
551	1007
551	859
551	4545
551	236
551	237
551	3617
551	3618
3278	4179
573	2932
573	1948
573	2275
573	703
573	4282
606	706
606	3634
611	707
1965	4967
1965	4352
1965	2618
1965	4426
1965	4728
1965	2367
1965	3851
1965	2152
1965	3536
677	3243
677	3940
568	3784
568	2343
568	1320
568	1005
568	3329
686	2196
686	4442
686	979
686	3684
2600	144
1110	1586
1110	1124
1110	1073
1110	2172
4213	495
4213	561
4213	4718
4213	1409
4213	572
727	3837
727	3721
733	4550
733	1623
733	2711
733	3732
739	2160
745	3884
745	1522
745	4371
815	4247
4314	3504
4314	2693
827	1282
829	3595
829	541
845	3794
845	3538
875	2487
875	4058
875	3252
875	3370
875	2441
875	2961
914	0
914	4561
914	3328
914	3321
914	750
914	3828
914	3829
914	3830
2591	743
2591	3073
2869	412
2869	2486
2941	3304
979	2196
979	686
979	4301
979	3684
979	3843
3362	1558
3362	3140
665	1913
665	2150
665	2151
678	495
678	3347
678	1627
678	2048
678	2154
1001	4241
1016	4269
1032	2819
1032	3886
1032	3887
4706	754
4706	1036
1036	4706
1036	2344
1037	3958
1037	1038
1037	1040
1037	3762
1037	3336
1040	754
1040	1037
1040	1041
1040	1887
1041	754
1041	1037
1041	1040
4399	4164
4399	4175
4399	4188
4399	3338
4399	4149
1072	1634
1082	495
1082	4118
1082	1566
1082	3866
1082	3909
1539	286
1539	3255
1185	2335
1185	1237
1185	2353
1185	2355
1185	2410
1185	2029
1185	4971
1185	3790
1185	3953
1203	4617
1215	495
1215	1434
1215	2983
1215	3182
1215	4594
1215	1863
1215	2882
1215	1855
1215	4520
1215	2316
1215	4421
1217	495
1217	2738
1217	1840
1217	3905
1217	3977
1217	3978
2006	2971
2006	3966
2044	2000
2044	3633
2044	511
1255	4332
1255	768
1255	747
1255	4009
1255	4010
4976	3032
3103	3006
2710	2852
2710	216
4556	2125
4556	151
1386	1141
1388	2959
1388	3530
1389	3595
1389	3251
548	1795
548	4658
548	4090
1404	495
1406	2986
1406	937
1406	2821
1406	4096
1406	4097
1406	4098
1406	4099
1406	4100
1406	4101
1406	4102
1406	4103
1406	4104
1406	4105
1407	4106
1407	3545
1433	1659
1433	2552
1433	4661
1433	1340
1453	4606
1465	2665
1465	4703
1465	4157
1465	4158
2668	1206
2668	2772
2709	2641
2709	1480
2709	1483
2709	2917
2709	1384
1480	2641
1480	2709
1480	2440
1480	2917
1483	2709
1483	1480
1483	2917
1483	4162
1518	3797
1518	1012
1518	4187
1522	3884
1522	745
1522	2893
1527	4240
1527	3463
1527	4316
1527	2715
2955	1085
2955	1653
1566	1545
1566	3923
1566	1082
1570	2570
1570	4503
1570	2446
652	1579
652	843
652	2235
1579	652
1579	4068
1579	843
1579	1583
1579	4405
4068	652
4068	1579
4068	843
843	652
843	1579
843	4068
843	2235
843	1639
843	4382
843	4386
843	4405
843	2744
843	1648
843	3774
1583	1579
1583	843
1583	4405
1583	1646
1616	490
1625	4547
1625	356
1625	2770
1123	369
1123	75
1123	533
1123	544
1123	1471
1123	2156
1123	2851
1123	4279
1123	853
1123	298
1123	860
1655	495
1655	739
1655	4627
1657	2930
1657	3620
1657	4334
1657	4335
1657	4336
1657	1241
1745	3958
1752	3923
1754	3266
1754	2399
1754	4574
1760	2857
1760	317
1760	2382
1760	392
1796	4356
1796	2710
1796	2127
1796	4568
1796	1933
1796	4453
1797	735
1797	3622
1797	4454
1841	4480
707	2738
707	292
707	611
707	4725
707	4491
1859	594
1859	4191
1863	3049
1863	2290
1867	3247
1867	334
1871	2016
1871	4501
1877	4702
1877	232
1877	3112
1418	228
1418	607
1907	495
1907	1523
1907	3512
1907	2658
1907	4562
1907	4563
1907	4564
1907	4565
1907	4566
1907	4567
1909	495
1913	323
1913	4573
1918	510
1918	4581
1926	2817
1926	4583
1928	3228
1928	3010
1928	4585
1287	1838
1287	1322
1287	2034
1287	3259
1287	4589
1941	4122
1950	4179
1953	1833
1953	3264
1953	4595
1953	2903
1976	4818
1976	2505
1976	1190
1976	1195
1976	4022
1976	1067
1976	4621
1976	4622
1976	4623
1976	3030
1976	4625
1976	4626
1990	3749
1990	1143
1990	2781
1990	2192
1990	1249
1990	1252
1990	2236
1990	1285
1990	1286
1990	2409
1990	3110
1990	3114
3651	4983
3651	3759
3651	4065
3651	4647
2007	495
2007	1327
2007	306
2007	3858
2011	519
2011	3519
2011	2754
2011	3208
2011	3070
2011	3203
2049	4435
2049	4693
2049	3345
2049	4682
2053	729
2053	1658
2053	274
2053	4689
2053	3143
2060	3247
2060	3165
2060	2821
2073	2
2073	336
2073	3720
2073	4713
2073	3543
2091	4683
2094	4467
2094	2227
2094	4656
2306	2105
2306	1175
2306	3781
2306	4743
2306	4744
2105	2306
2105	1469
1883	2125
2344	495
2344	1659
2344	1036
2344	4263
2344	3812
2344	4753
2118	419
2118	1376
2118	4759
2127	1796
2127	3929
2127	3948
2127	3611
2127	3023
2127	3080
2127	2690
2127	4568
2127	1258
2127	4512
2134	2153
2134	4240
2146	1212
2146	2852
2146	2756
2149	495
2149	459
2149	1176
2173	765
2173	341
2173	2256
2173	4152
2173	4156
2173	4159
2173	4163
2173	2120
2177	4242
2177	2883
2177	4209
4128	2252
4128	3219
4394	2035
2194	2873
2194	2863
2194	3831
2194	4203
2218	3451
2218	4615
2221	3330
2221	4377
2221	4599
2221	4738
2221	486
2221	4924
2251	923
2275	573
2275	703
3464	1929
3464	2406
3464	857
3464	1551
3464	1187
3464	3570
2291	4393
2291	4196
2291	4966
2341	2437
2370	3513
2371	2373
2371	1993
2371	45
2373	2680
2373	2371
2373	2377
2373	1415
2373	994
2373	999
2373	45
2376	4237
2376	1526
2376	2083
2376	2085
2377	2373
2377	3201
2379	3144
2379	55
2379	4727
4256	3049
4256	3440
4256	555
2423	1017
2423	4554
2424	952
2427	495
2440	1480
2440	3002
2440	4493
2440	4582
2440	225
2442	322
2442	4000
2442	4001
2464	4375
2464	56
2466	1417
2466	2615
2467	137
2485	1546
2494	309
2494	4093
2494	1249
2436	2252
2436	1204
2507	542
2507	4278
2507	2737
4673	1670
4673	660
4673	2833
4673	1588
4943	1031
4943	2653
2525	61
4973	4954
2530	4319
2530	4954
2530	4973
4987	4319
4987	4954
4987	4973
4993	4319
4993	4954
4993	4973
2552	3941
2562	4802
2562	4818
2562	1300
1397	1468
2575	2788
2575	3290
2575	229
2575	230
2575	231
2949	4058
2949	2589
2949	4999
2949	235
2589	2949
2589	2243
2589	2253
369	1123
369	1780
369	4445
369	1553
385	1374
385	3031
385	876
2615	537
2615	2466
2615	2616
2627	495
2627	2482
2627	2583
2627	2110
2627	372
425	603
425	2250
425	3612
463	631
463	2671
463	3612
463	4244
2633	116
2633	628
2633	2650
2633	4046
2633	2444
2633	2147
2633	2572
603	425
603	4046
603	3612
2250	425
2250	280
2250	281
2250	282
2250	4417
628	2648
631	3404
631	116
631	463
631	2633
631	2250
631	628
631	2648
631	2654
631	3835
631	709
631	223
631	2671
631	2444
631	1027
631	3487
631	2976
631	3612
631	3742
631	3645
631	271
631	273
631	4463
2650	3248
2650	116
2650	2633
2650	715
2650	3645
3808	116
3808	2671
3835	631
3835	2648
3835	709
3835	715
703	573
703	2275
703	288
703	1794
709	628
709	3835
709	715
715	628
715	631
715	2648
715	2650
715	2654
715	709
223	631
223	3612
4046	0
4046	3368
4046	116
4046	1539
4046	2633
4046	603
4046	631
4046	2650
4046	3808
4046	2444
4046	2147
4046	978
4046	1337
4046	3925
2671	116
2671	463
2671	2250
2671	628
2671	631
2671	3808
2682	2308
2682	4249
2682	4533
2682	3175
2682	301
2682	302
2682	140
2686	2487
2689	3483
2689	857
2689	307
2692	2575
2692	244
2692	3805
2692	69
2692	70
2692	74
2692	87
2692	89
2692	200
2692	643
2692	726
2692	1491
2692	3476
2692	3741
2692	4024
2692	4026
2692	4028
2692	245
2692	312
2692	313
2692	314
2724	2733
2724	4974
2724	2501
2724	1375
2724	2367
2724	3484
2724	331
2724	332
2731	2733
2731	763
2731	1661
2731	2685
2731	343
2733	1651
2733	2724
2733	2731
2733	763
2733	2501
2733	2747
2733	1663
2733	1664
2733	344
3749	1990
3749	2681
3749	2706
3749	4281
3749	1116
3749	1964
3749	2781
3749	1656
3749	2192
3749	1256
3749	1283
3749	1288
3749	2396
3749	2418
3749	335
3749	347
3749	348
3749	349
3749	350
3749	351
3749	352
3749	353
2748	821
2748	823
2748	1520
2766	1347
1347	2929
1347	2968
1347	2766
1347	346
1347	60
2770	3451
2782	4681
2784	982
2784	3764
2784	1582
2829	4275
2829	1594
2830	3050
2832	441
2834	1642
2834	2619
2838	1261
2838	4364
2838	445
2840	2841
2840	1879
2840	448
2841	2840
2841	4425
1879	448
4425	2840
4425	2841
2861	2386
2861	4375
2861	2464
2863	1434
2863	1215
2863	2194
2863	4193
2863	4412
2863	2638
2863	3455
2863	4177
2863	3021
2911	2785
2911	1424
2911	1926
2911	2466
2911	2952
2911	4317
2911	54
2911	498
2931	4923
2931	4412
2931	2777
2931	513
2937	839
2937	3428
2582	136
2582	2672
2582	2634
2582	3315
2944	4498
2944	644
2944	1246
2635	2959
2986	1410
2986	4660
2986	485
2986	4990
2986	658
4241	2067
4241	1001
4241	3295
3002	3753
3002	225
2919	2170
2919	4299
2919	565
2919	566
2919	3294
3011	1007
3012	2003
3012	4284
3012	571
2993	1576
2993	576
2993	577
2993	578
2993	579
2993	580
3024	2680
3024	128
3024	586
3031	1374
3031	3182
3031	4232
3034	3035
3034	3036
3034	3044
3034	58
3035	3034
3036	3044
3036	3092
3044	3035
3044	4716
3044	783
3048	2712
3048	3019
3048	15
3052	1115
3052	1118
3052	3503
3226	2083
3265	279
3081	1255
3081	3372
3087	1114
2508	2487
2508	2686
3358	574
3416	495
3416	4977
3416	4344
3416	875
3425	2487
3425	3381
3126	3153
3126	4542
3155	456
3155	2231
3155	649
3376	4379
3376	226
3869	2018
3869	3155
3869	3888
3869	3892
3869	3894
3172	4651
3172	1506
3177	1470
3177	4881
3177	2210
3189	2198
3189	671
3189	672
3196	1043
3196	3222
3196	2200
3196	684
3211	3296
3211	1808
3211	3811
3211	3907
3211	688
3211	689
3211	690
3211	4084
3211	1755
3211	693
3228	1928
3228	4331
3228	203
3228	4039
3228	4041
3228	4042
3228	4043
3228	710
3238	3517
3238	2800
3238	723
2677	4141
2677	4383
2677	1371
2677	730
3252	2338
3252	875
3252	2260
3252	614
3252	846
3252	326
3273	4056
3273	4989
3273	766
3273	1856
3273	4551
3273	769
3276	4251
3276	673
3276	775
3276	776
3276	777
3276	778
3296	1759
3296	4205
3296	4550
3296	3170
3296	2106
3296	2090
3296	3211
3296	2026
3296	4154
3296	988
3296	2175
3296	802
3296	803
3296	804
3296	805
3296	806
3296	807
3296	808
3296	4717
3296	4721
3296	811
4923	2931
4923	3908
4923	4412
4923	102
4923	1422
4923	825
4923	398
4923	2104
3325	4802
3325	2995
3332	4715
3332	1028
3332	1314
3332	841
199	2798
3372	4169
3372	3081
3381	2069
3084	3475
3424	3259
3419	2329
3419	3074
3419	1476
3419	1478
3422	3200
3422	2513
3422	390
3422	395
3481	2509
3481	1188
3481	183
3481	185
3481	2304
3481	187
3481	1547
3481	189
3481	190
3481	1937
3482	2167
3482	3851
3482	3194
3488	4205
3497	3759
3497	3369
3497	961
3506	1410
3506	937
3506	1398
3506	3607
3507	265
3507	2323
3507	2325
3511	4806
3511	3585
3511	981
1314	3332
3539	3512
3539	3891
3082	2162
3574	695
3587	4940
3613	2420
3613	1557
3614	1557
3614	4044
3614	4330
3614	4355
3615	2420
3615	1557
3615	3209
4663	2024
3633	4205
3633	4740
3633	1024
3633	1057
3633	1058
3633	1059
3633	1060
3633	1192
3633	1062
3633	1063
3633	1064
3633	1065
3650	859
3654	4360
3654	1086
3654	1087
240	4469
2183	3809
433	3809
1175	373
1175	2306
1175	3223
1175	662
1175	1101
1175	1102
1189	2365
2207	1093
2207	4285
2312	2910
2312	782
3743	4996
3743	1691
3743	4725
3743	2449
2472	4076
2472	22
2472	3556
2472	1562
2472	3402
2472	3559
2472	3560
2472	3562
2472	3563
2472	1127
2472	1128
2472	1129
2472	1130
2472	1131
2472	1132
2472	1133
2472	1134
2472	1135
2472	1499
3746	1424
3746	4420
3746	1138
3746	1507
3746	1510
3746	1514
3747	4723
3777	1178
3780	2226
3780	1692
3780	1182
3816	365
3816	175
3210	4116
3255	1539
3255	1221
3899	1451
3899	4465
3899	392
3899	1231
3899	1232
3899	1233
2458	2203
2458	171
2458	1234
3903	4602
3904	2327
3908	4923
3908	1695
3452	1239
3919	1981
3919	441
3920	4696
3929	3636
3929	3948
3929	2849
3636	3080
3938	4550
3948	2127
3948	3929
3948	3636
3955	1747
3955	1272
2636	4296
2636	3009
3962	3633
3962	4320
3962	2558
3962	1274
3962	1275
3962	1276
3962	1277
3962	1278
3882	4135
3882	333
3976	3517
3976	3520
3998	1191
3998	2788
3998	1335
4000	2442
4001	492
4001	2442
4032	3172
4032	4650
4033	1121
4033	4034
4033	4037
4033	4648
4033	4650
4033	4651
4037	3172
4037	4033
4037	4038
4037	4651
4037	4653
4037	1355
4037	1356
4038	1358
4320	1374
4320	3962
4320	1360
4045	495
4045	3380
4045	1672
4047	1121
4047	4648
4047	4650
4047	4652
4047	1362
2645	506
4124	3182
4147	4596
4147	4183
4153	1481
4153	3088
4153	3553
4167	1552
4167	4535
4168	1552
4168	4535
4183	2251
4183	4147
4190	2262
345	4945
4193	495
4193	694
4193	4610
400	4957
2618	2831
459	4611
459	39
459	2149
459	1439
459	1440
556	3271
4239	4799
4239	3352
4239	3350
4243	1454
4251	2719
4251	3276
4251	1460
4251	1461
4251	1462
4255	993
4255	4313
4236	4080
4236	2762
4264	3380
4264	2295
4264	2296
4278	495
4278	3906
4278	2507
4278	2950
4278	724
4932	1490
4291	4303
4291	1488
4296	3238
4296	2636
4296	4288
4296	4113
4304	3800
4304	2824
3762	1037
3762	1504
1238	1564
1359	1964
4360	3654
4360	2299
4360	3778
4360	1524
4360	1525
4393	2852
4393	2291
4393	840
4401	1638
4401	4455
4420	3746
4420	4328
4420	1575
1780	369
1780	4644
1780	3298
4445	369
4644	719
4644	1780
4458	679
4458	2438
4458	2920
4458	3988
4458	4939
4458	1603
4458	1604
4458	1605
4458	1606
4458	1607
4458	1608
4458	1609
4458	1610
2048	678
4470	356
4470	462
4470	4543
4474	178
4474	272
4474	852
4474	855
4474	1621
4474	1622
4485	4487
4485	2254
4485	2255
4486	4487
4486	2254
4493	495
4493	2440
4493	4492
4493	4500
4493	635
4493	1172
4493	4333
4493	1630
4493	1631
4493	1632
4493	1633
4493	234
4493	4358
4493	1636
4493	1637
4493	4368
4495	1643
4495	1644
4495	1645
4495	3621
4500	4493
2282	4504
2282	1100
2282	1644
2282	1647
4504	2282
4504	1643
4504	1644
4504	1645
4506	4495
4506	1643
4506	1644
4506	1645
4506	1649
4506	3621
4526	1798
4526	2405
4555	2068
4557	2470
4557	4427
3611	1690
4135	3882
3274	2874
3274	3128
3274	1697
4584	2028
4584	3316
4584	1857
2849	2337
2849	2342
4587	3249
4590	4695
4590	4204
4590	4584
4590	2849
4590	4591
4590	2028
4591	2028
2874	694
2874	3274
2874	3921
2028	3274
2028	4584
2028	2849
2028	4590
2028	4591
2028	3846
2886	4712
3846	594
3846	1859
4603	4608
4603	1725
4603	1726
4608	38
4608	758
4608	3813
4608	2049
4608	3398
4608	4603
4608	217
4608	4953
4608	4955
4613	765
3009	2636
3009	3800
3023	3346
3023	2127
4637	2419
4637	4939
4637	1749
4637	1750
4637	1751
4648	4033
4648	4047
4648	4650
4648	4652
4648	4654
4650	4032
4650	4033
4650	4037
4650	4038
4650	4648
4650	4651
4651	4037
4654	3172
4654	4032
4654	4033
4654	4034
4654	4037
4654	4038
4654	4648
4654	4650
4654	4651
4654	4652
4654	4653
4655	3172
4660	2986
4660	485
4660	4990
4660	4992
4660	658
4660	1427
4660	2922
4660	2923
4661	3501
4661	1939
4668	4485
4668	4487
4668	2254
4668	2255
4668	1774
4668	1775
4668	2168
4668	1777
4670	2773
4670	1943
1943	2773
1943	4670
4672	4669
4672	4688
4677	4688
3370	495
3370	875
3370	4121
2532	3524
2532	2772
2532	275
4693	2049
4702	1877
4702	232
4702	2578
4702	1800
4702	1801
4702	327
4712	2886
4712	1815
4716	4594
4716	4718
4716	1198
4716	4910
4716	1820
4716	1821
4718	4716
4718	658
4718	1823
4740	3633
4740	3943
4740	1832
72	1407
72	2937
72	4106
72	1844
4141	2677
4141	4383
4141	1371
4148	2405
4148	3610
4199	19
4274	4221
4274	534
4274	2391
2802	4270
4974	2501
4999	4447
4999	2949
4999	4998
18	2242
18	264
18	3154
15	442
15	1962
22	2472
22	3484
58	393
58	3034
63	1453
63	1405
63	1982
520	75
75	1123
75	520
75	524
75	4248
533	1123
533	544
533	1986
533	1987
544	1123
544	533
544	3014
85	3337
3826	2570
4402	4250
121	1222
123	1222
123	1211
129	1614
129	3569
144	2600
3382	215
3382	4059
3382	2030
3382	2058
354	4541
1204	2436
1411	3595
1411	2070
1411	2056
1512	1244
1512	2394
1512	2063
1512	2064
1512	2065
1512	2066
244	1244
244	2005
244	2692
244	87
244	726
244	4025
244	4029
272	4474
272	3901
272	2079
272	2080
272	2081
272	2082
274	3918
287	2712
287	2837
287	2087
287	3538
346	1423
346	1347
346	3351
346	2095
346	2096
346	2289
346	2098
346	2099
346	2100
346	2101
346	2102
346	2103
361	4528
361	2107
361	2108
361	2109
1180	2554
1180	2111
384	2641
384	2284
384	3810
397	130
397	826
2925	3151
2925	2527
431	2144
436	2145
450	4221
450	1965
450	534
2801	1212
2801	400
472	389
472	1238
2818	2570
485	2986
485	4718
485	4990
485	4992
485	658
485	1427
489	1327
489	2181
4922	4290
4922	1367
4922	1763
4922	133
4922	4387
4922	2844
4922	3558
511	2044
511	2191
512	306
512	1225
534	4221
534	4274
534	450
534	2391
534	3522
534	3523
534	1393
3144	1835
3144	316
3144	2379
3223	1175
3223	3104
554	3770
554	3577
583	53
583	2225
602	4066
602	2587
602	650
3289	2092
624	1470
624	3553
633	2323
633	4869
633	180
633	2246
633	2247
644	2437
644	2944
644	224
644	3193
651	2327
654	2971
654	3363
654	2330
3921	3274
3921	2874
3921	3303
662	1883
675	2478
734	4207
735	0
735	4467
735	1797
735	2276
737	115
737	2646
737	2277
742	4315
4473	3507
4473	3574
4473	3483
765	4613
765	2184
783	3044
795	4440
813	3815
817	2748
817	821
817	867
817	869
817	4430
817	4431
817	1520
817	2301
817	2302
817	2303
821	2748
821	818
821	1854
823	2748
823	817
823	821
823	1520
824	823
824	867
3815	813
830	2965
830	4265
830	4124
830	1204
831	2965
832	2965
839	4692
839	3571
839	4365
839	3647
839	2317
839	2318
839	2319
839	2320
840	4393
50	2333
867	321
867	817
867	824
869	821
876	1374
876	385
876	3533
176	2952
176	2031
206	495
206	4958
206	2347
206	2348
206	2349
206	3852
2756	2146
2756	2351
2756	2352
3947	2429
3947	4017
3947	1302
1340	2837
1340	1433
1340	2328
1340	2789
1340	4095
1340	1937
2307	1340
2307	2328
2307	2789
2307	4095
2307	1259
2328	1340
2328	2307
2328	2789
2789	2837
2789	1340
2789	2307
2789	2328
2789	4095
937	1406
937	3506
937	3354
977	1410
992	330
1018	2368
2583	2732
2583	2110
2583	368
2583	2378
1027	3783
1027	1779
1027	4085
1031	1526
1031	4943
1031	2763
587	4406
207	4237
207	4596
1045	702
1045	3884
1045	4977
1042	2908
1042	2597
1069	495
1069	4118
1069	4342
1069	752
1069	2398
2990	2401
1068	2402
1089	1414
1226	2813
1226	1782
1226	2408
1295	3349
1295	648
1295	2414
1295	2415
1295	2416
1409	3813
1409	4213
1409	2828
2647	3764
2647	144
1235	4315
1235	4663
1601	3069
1601	542
1601	2285
1670	4673
1670	1588
1183	2658
1812	117
1812	1624
40	491
40	3045
1197	2406
1197	2777
1198	1430
1198	4941
1198	4942
1198	597
1198	4359
3515	2717
3515	4247
3515	1963
1246	2944
1250	4164
1250	2474
1267	3743
1267	1268
1267	1691
1267	2479
1268	2785
1281	1446
1282	1446
1282	827
1282	2483
1306	320
1306	197
1341	3330
1341	609
1353	1651
1353	2510
1353	2511
1353	1910
1364	3920
2604	2524
2952	3066
2952	2911
2952	176
2952	1912
1398	1410
1398	1746
1398	3506
1398	2411
1398	3607
1398	2541
1398	2542
1398	2543
1398	2544
1399	4267
1399	1852
1399	781
1399	491
1399	48
1399	2547
1399	2548
1399	2549
1399	2550
763	2733
763	2685
763	2553
3080	3636
3080	3948
3080	2477
3080	3750
2735	4290
1468	1469
1469	2105
1469	1468
3440	2838
3440	3643
3440	1452
3440	2569
1513	3474
1517	4180
1517	3585
1519	1635
1523	1447
1523	3539
1523	2197
4012	2592
1576	2993
1576	2594
1576	2595
1581	3972
1581	1013
1614	129
1614	90
1614	252
1614	253
1614	2621
1614	2622
1639	478
1639	4049
4382	1579
4382	843
4382	4405
4382	2744
4386	843
1642	2834
4405	843
4405	1646
1646	2744
1646	2389
2744	843
2744	1399
2744	4382
2744	4405
2744	4267
1673	1596
1673	2075
1673	35
1675	4629
1675	3001
3006	3103
1441	1560
1756	495
1769	1577
1769	2659
1769	2660
1769	2661
1769	2662
1769	3550
1787	2673
1787	3545
1849	2814
1849	4881
1849	4439
657	2516
1872	1310
1872	1919
1872	4151
1875	759
4963	1397
4963	4316
1471	1123
1471	369
1901	3950
1903	3410
1903	3241
1903	2713
1903	2714
1904	3950
1904	1055
1904	1901
1905	781
1905	3079
1905	1026
1912	2952
1921	4287
1924	1919
1924	1209
1930	2285
1944	484
1983	2389
1983	2390
1983	2898
1983	2234
1983	2753
1983	2206
1691	3743
2038	2786
2039	464
2039	1975
2040	1671
2040	2014
2041	1671
2042	1671
2043	1671
2176	1671
2014	1671
2074	744
2119	2339
2124	4080
2124	4108
2124	789
2161	3776
2161	3366
2161	3369
2708	1678
2708	4363
4363	1678
2798	4488
2798	1674
2798	1676
2798	2826
2798	2827
2798	1783
2823	497
2823	3541
2187	4550
2187	2980
2195	3077
2242	18
2242	2253
2242	3104
2242	3600
2243	2761
2249	3237
2249	2854
2260	377
2260	3252
2260	3882
2270	2773
2283	3049
2283	4256
2283	2290
2290	3049
2299	1743
2299	1525
2299	2875
2323	1423
2323	633
2325	3507
2327	3904
2327	651
2334	1032
2334	3940
2334	2528
4601	4429
4601	3010
4601	1574
3307	1365
3307	2880
3307	2885
3307	2166
3307	2887
3880	3415
2356	554
2356	1322
2374	2071
2382	1760
2382	392
2382	2737
2382	2743
2391	4221
2391	3086
2391	3651
2391	4274
2391	534
2392	2908
2392	4996
2392	2597
2392	149
2392	246
2392	2913
2392	2914
2392	2915
2400	2918
2406	523
2406	3464
2406	2777
2406	1432
1838	3259
2419	4674
2419	4637
2457	38
2457	279
738	4715
2492	1748
2492	3312
2501	3367
2501	2956
2501	2957
2501	2958
2501	2581
2501	2960
2505	2719
2505	1976
2506	3016
2506	1506
2509	402
2509	1410
2509	3481
2509	1188
2509	187
2509	1547
2509	189
2509	1937
2509	324
4948	402
4948	4018
4960	402
4960	4018
119	4484
119	2723
2556	1034
2556	2557
2556	2982
2557	1034
2557	2935
2557	1723
2590	2988
497	2823
497	3541
497	3454
497	2998
497	2999
2706	3749
2706	3616
2763	1031
2800	136
2800	1902
2800	2037
2800	4080
2800	3213
2800	3238
2800	431
2800	4136
2800	3186
2800	3190
2156	1123
2895	1882
2895	3089
2916	1975
2916	2039
2916	3581
2916	3582
2321	3069
2321	3129
2974	2443
2974	4429
2974	3010
2974	3120
2728	1421
3000	2975
3010	4354
3014	1747
3014	3433
3014	4289
1056	1447
1056	4306
1056	123
1056	1211
3025	3014
3025	3433
3025	3168
3025	3138
3247	1867
3247	3145
3247	3146
3072	2481
3072	462
3104	3223
3104	2242
3104	2253
3104	3641
3104	3158
3104	3159
3104	3160
3483	4473
3483	3462
3483	2447
3483	4346
3483	3164
3491	3047
3491	563
3121	103
3121	371
3121	1855
3641	3104
3641	3956
3139	1949
3141	1949
3141	3174
4016	3928
4016	3991
3187	1415
3261	4944
3261	3204
3261	2455
3299	4641
3299	2193
3299	3214
4598	2215
3303	4195
3303	3921
3303	3216
3333	4496
3339	2002
3340	2002
202	4542
3361	3256
3373	542
3373	3901
535	1489
535	170
535	3181
3428	2937
232	1877
3487	631
3487	3270
1114	3087
1114	3229
1114	4975
1114	4376
3512	1907
3512	3539
3513	2370
3513	3434
3513	2004
3522	4221
3522	534
3523	4221
3523	534
1393	4221
1393	534
1393	3523
3569	1569
3569	129
3569	1700
4645	4035
4645	680
4645	2462
3578	2975
3578	2403
3578	3309
3578	3601
3605	3570
4616	3622
3622	2076
3623	2076
3624	2076
3624	2647
3625	3322
1945	4604
1945	821
3642	3049
3648	3168
3708	3759
3708	3182
3723	2121
3723	2995
3723	3725
3723	3726
3723	3727
3723	2521
3723	1516
3728	2121
3728	1430
2477	3929
2477	3636
2477	3080
3750	1955
3750	3080
3750	2477
3776	121
3776	2161
3776	3364
3776	3359
3776	3360
3781	2306
3781	3188
2762	4236
2762	3365
3796	3564
3805	4447
3805	1215
3805	2692
3805	3785
3805	1922
3805	3377
3814	2963
3832	2522
3832	1799
3832	3575
3832	3399
3832	3400
3940	677
3940	2334
3940	3439
3943	3897
4350	1443
4350	718
3831	171
3831	2194
3831	1112
3831	3449
3949	2153
3949	4576
4017	3947
4017	3460
4299	2170
4299	3116
4299	2919
4299	4309
4309	2170
4309	2919
4309	4299
4309	565
4309	3294
4062	4561
4062	2991
4062	2994
4062	4516
4062	3477
4062	3478
4062	3479
4062	3480
4064	495
4064	4611
4064	1474
4641	3299
4641	4222
4641	3494
4641	3495
4641	3496
4122	178
4122	1941
4122	3508
4144	1342
4144	1139
4150	1651
4150	2902
4161	1805
4161	4165
2587	602
2587	3516
4225	2198
4225	1826
4225	3544
4226	2198
4227	2198
4227	4332
4227	4228
4227	2946
4227	3546
4228	495
4228	2198
4228	4227
4240	2134
731	2203
4261	53
3163	2203
3163	53
3163	4261
3163	1316
3163	3821
3163	2613
3163	2614
756	2203
4288	4205
4288	4343
4288	4296
4288	3579
4297	4365
4298	4944
4298	131
4298	1851
4298	2346
4298	2383
4298	3591
4298	3592
4298	3593
993	4356
993	4255
3085	2339
3085	386
3085	2739
3085	3608
3085	1839
4370	2497
4370	4374
4371	3884
4371	745
4383	2677
4383	4141
4383	1371
4412	2931
4412	4923
4412	102
4412	1422
4412	3626
4412	1920
4412	501
4414	3218
4414	3630
1677	1659
1677	1225
4471	3928
4472	4447
4472	3646
4475	2995
4476	2995
4476	4475
4482	2248
4482	1803
4482	1025
4489	4076
4489	1544
4489	1548
4489	1689
4489	2020
4513	2268
4517	3652
4519	2266
4519	4698
4521	2274
2432	495
2432	2437
2432	4613
2432	2178
4552	1236
4552	311
2690	2127
2690	4733
2690	4726
2690	595
2690	2269
4568	1796
4568	2127
4568	3636
4568	2061
4733	2127
4733	2690
4635	2126
695	4755
695	173
4705	3118
4705	498
4705	3766
4705	3767
4705	3768
4705	3769
4705	4234
4705	3771
4705	3772
4725	707
4725	3743
4275	3845
4275	2829
4275	2742
4292	2678
4292	3883
4292	3752
4292	988
4292	2210
4292	2261
4292	4642
4292	3526
4292	3527
4292	3529
4075	4078
4075	1634
4078	4075
4078	1634
4846	94
4846	97
4900	2386
4904	2386
4910	4716
4910	1198
4910	1430
4910	4935
4910	4936
4910	598
4910	4714
4910	2558
4545	551
4545	2031
4944	3261
4944	4298
4944	2346
4944	3591
4944	3592
4957	400
4957	2395
4957	3838
6	3764
6	3170
6	3848
9	3211
14	4594
28	2929
28	14
37	2631
37	2055
37	800
37	122
37	2052
37	3855
303	3349
303	2300
303	3862
337	1770
337	51
337	3235
51	337
68	69
68	87
68	726
68	4023
68	4029
68	1914
68	3874
68	3875
69	2692
69	68
69	70
69	87
69	1491
69	4025
69	4028
69	4029
70	2692
70	69
70	3317
74	726
3317	70
1805	4265
1805	1016
1805	1618
86	87
86	726
86	4025
86	4028
86	4029
87	2692
87	69
87	70
87	726
87	1491
87	3741
87	4024
87	4026
87	4028
87	4029
87	4030
89	2692
89	87
89	726
89	3741
89	4023
89	4024
89	4029
90	4597
101	495
101	306
103	3121
103	105
103	1855
105	3152
105	103
105	1855
115	737
780	2417
780	4223
127	2420
849	2420
141	525
141	3911
158	2430
158	4996
160	2430
162	2430
166	2430
167	2430
168	2430
1161	2832
1161	3161
3541	2823
3541	497
3541	2998
1202	1208
1202	770
1208	1202
1208	260
1208	3917
203	3228
203	2598
1490	345
239	3368
239	3326
251	1417
256	598
264	388
264	18
264	3136
266	1354
4758	4675
333	3882
334	4550
338	1650
338	341
338	1077
338	3951
338	3952
2031	176
2031	3954
341	2173
341	338
341	4434
342	311
342	1881
506	4379
506	2645
506	3850
506	3967
2179	2583
2110	1417
2110	4197
2110	2627
2110	2583
2110	2179
2110	368
2110	370
2110	372
2110	4618
372	2627
372	2110
260	2262
260	1668
260	4969
260	1208
260	545
260	3983
2403	3578
406	2975
2441	875
2761	3847
2761	1946
2761	3990
2520	3784
462	4470
462	3072
462	4003
462	4004
486	2221
297	2486
1917	4189
1917	4013
505	2486
507	2486
507	4189
519	2011
519	3519
519	3215
519	4014
552	2497
552	9
553	2497
3463	4265
3463	1527
600	4265
601	4265
601	4580
614	561
626	2514
656	373
656	320
660	4673
664	4079
691	2531
696	4451
699	4092
704	67
704	3403
704	4139
720	124
722	23
722	3027
722	142
744	322
4466	4738
4466	3792
757	819
757	1756
757	1400
761	4268
761	816
770	1202
779	2197
779	2892
779	4112
809	4115
812	3824
837	3009
837	248
837	591
837	4997
837	4437
837	1810
837	4131
837	4132
837	4133
837	4134
844	2845
846	3252
846	614
846	326
857	3464
857	2689
857	307
131	4298
62	653
62	4181
62	4182
62	3342
1006	2599
1006	1696
1006	2764
1006	2765
1008	0
1008	2599
1008	1339
1011	1364
1013	3972
1013	1581
1020	3451
1020	4407
1020	4061
1020	4200
1020	430
95	820
109	4012
109	2977
109	110
717	4189
4468	4189
4468	2953
1046	1044
4060	1050
1092	1413
1092	4584
1092	1594
1092	4216
1092	4217
1092	4218
1092	4219
1103	2631
1103	3437
1115	2687
1190	2734
1190	1976
1190	1712
1190	4257
1195	1976
1195	4258
1195	4259
1206	2668
1206	1540
1211	123
1211	1056
1223	3637
771	3269
1258	686
1258	4283
2375	856
2578	4702
2578	1800
1322	2356
1322	4293
1322	4294
1322	4295
2669	1407
2669	4193
2669	1698
1354	266
1354	2767
2767	2721
2767	1354
1369	1953
1369	1390
1369	3018
1369	3028
1369	4300
1375	2724
1376	419
1376	2118
1376	4307
1390	3525
1390	4310
1390	4311
1392	3525
1392	325
1392	4312
1400	321
1400	757
1400	4094
1420	2732
1421	439
1421	4318
1421	34
1426	293
1426	1810
1430	1198
1430	3728
1430	598
1449	2641
1474	401
1474	3323
1494	2239
1540	1206
1591	4997
4136	4388
4136	4389
1594	4006
1594	2829
1594	1092
1594	3583
1594	4392
1599	2773
1845	2316
1845	4396
2772	3170
2772	3524
2772	2532
2772	704
2772	3403
2772	4139
2772	275
2772	4409
2772	4410
1654	4419
1654	3638
3453	4290
3453	4422
3453	4423
3576	2773
1705	2778
1706	2778
1706	1850
1727	2785
1727	816
1733	2785
1733	4996
655	1966
655	2584
1743	2299
1743	3782
88	2774
88	4139
1763	3558
133	4613
133	1763
133	52
1808	3211
1840	1217
1858	3038
1862	136
1864	2807
1864	3868
1864	100
1865	2807
1865	1866
1865	1869
1866	2807
1866	1865
1868	2807
1868	1865
1868	1866
1869	2807
1869	1868
1885	4308
1886	2819
1891	2819
1898	2819
1898	3982
1898	1885
1898	2480
1000	1984
1019	4695
1019	1000
1019	4530
1077	4434
1225	512
1225	1677
1735	2825
1934	2825
1935	2825
1956	1814
1956	4164
1956	2232
1956	736
1959	1814
1959	1744
1959	4630
1959	1877
1959	1473
1961	1814
1993	2371
1993	46
1993	4507
1993	4508
1694	3043
1694	4509
1996	3043
1996	3279
4260	4058
2057	1843
2057	4531
2083	3226
2085	2376
2085	2088
2088	2376
2088	2085
2133	4237
2167	629
2167	3482
2171	1842
2197	779
2197	2892
2197	2238
2197	4112
2197	4559
2197	4560
2892	779
2892	2197
2892	4112
2892	4559
2217	2924
2219	2926
2219	4082
2219	2271
2231	3155
2231	4569
2231	4570
2238	2935
2238	2197
2238	2892
2271	4082
2271	2219
2272	2959
2273	2959
2280	2281
2281	3505
2281	2280
2300	303
2332	3036
2332	3910
2335	3029
2335	1842
2335	1185
2335	2635
2335	1237
2335	2355
2335	2410
1237	1185
1237	2335
1237	2353
1237	2355
1237	2410
1237	4588
1237	2864
1237	2868
2353	1185
2353	1114
2353	2019
2355	1185
2355	2335
2355	1237
2355	2353
2355	2410
797	3841
2361	3001
2362	3001
2363	3001
2368	3129
2368	1018
2384	1766
4114	4048
4114	3318
2410	2335
2410	1237
2410	2355
2411	1398
2411	2412
2411	3606
2411	3607
2521	3727
2521	1515
2528	2334
2529	3027
2529	1085
2215	3029
2215	4598
2545	3129
2554	1180
2593	4704
2593	3458
2593	3804
2593	4238
2593	435
2597	3761
2597	1042
2597	4631
2597	4632
2597	4633
2597	4634
2601	4612
2638	4802
2638	4178
2638	3021
2638	1477
2638	1436
2638	1437
2638	3821
2638	3149
2638	4643
2638	3599
2649	2339
2684	3212
2684	2067
2684	3496
630	3066
630	1331
630	1330
630	2609
2720	1306
2720	4267
2720	4664
2722	3881
2722	3161
2722	2159
2722	4666
2722	4667
2764	1006
2765	1006
2774	4982
3640	3123
3640	2326
3640	4691
4444	3046
2851	1123
2851	3457
2851	3461
2853	4881
2878	4708
2901	1651
2901	2902
2902	1651
2902	4150
2902	2901
2902	3467
2902	3471
2902	3004
2902	4711
2930	3153
2930	1657
2930	4722
2946	4227
2950	4958
2950	3447
3502	4291
3502	4739
2963	3502
2979	4681
2736	2740
2740	1028
2740	2736
2991	2994
2991	4807
2992	2991
2994	4062
2994	2991
2994	4807
2994	4516
2994	4518
2994	4811
3157	3450
3157	3456
3229	1114
3298	1780
3298	4002
3077	2195
3077	3184
4214	719
4214	4445
4214	1094
3433	4270
3433	4429
3433	3014
3433	3025
3433	2799
3118	4705
3125	1800
3125	1669
3165	2060
3328	4176
3351	346
3354	937
4073	4247
3147	3219
496	3219
983	3219
983	4270
3435	3234
3435	2075
3437	0
3437	3234
3437	1103
4697	3243
3458	1364
3458	2593
3458	435
3458	3417
3462	2305
3465	1651
3466	1651
3466	4499
3467	1651
3467	4502
3468	1651
3472	1651
1005	3329
1005	772
1228	3813
3514	356
3514	3813
3514	2143
3519	2011
3519	519
3519	4946
3521	4206
3521	2725
3521	2729
3521	31
3521	36
1505	2435
3603	1002
3603	3427
3603	4961
3603	4962
3603	227
3609	2855
3609	4051
3609	4052
3609	4053
3609	3912
2055	37
3679	4169
3679	2535
3679	2536
2240	4980
3754	1365
3754	568
3754	1670
3757	4290
2646	737
2646	2277
3775	2886
3803	259
3804	1117
3804	2877
3806	495
3806	3422
3870	2663
3871	2339
3873	2339
3873	2858
3878	3958
3878	42
3881	4194
3881	2722
3881	1641
3881	4666
3881	43
3910	3415
3910	3880
3910	2332
3910	2626
3934	4952
4341	3883
4341	4292
3944	702
3896	3450
3896	66
3974	3450
3985	3451
3996	1339
3996	3997
3997	1339
3997	3996
4020	4456
4020	2385
2388	3941
4057	3314
4512	2127
4160	2738
4170	2992
4170	639
4171	113
4188	4399
4220	4505
724	4278
4262	1659
4267	1306
4267	1399
4267	2744
4267	2720
4267	2547
4267	2549
4267	4664
4280	3589
4284	3595
4284	1883
4284	3012
4284	3420
4284	833
1199	4345
1199	2188
4354	2950
4354	181
1425	243
243	1425
4415	201
4430	817
4430	821
4440	795
4455	4528
4455	4401
4456	1444
4456	2948
4456	4020
4456	1855
4456	209
4456	210
4457	3084
4457	150
4457	212
4461	3631
4462	3631
4462	220
4462	3555
2606	4379
2606	2062
4534	2611
4534	241
4301	2196
4301	686
4301	979
4301	3684
4301	3844
4548	99
4548	388
2637	4164
2637	4175
2637	4546
2637	4701
2637	1908
2637	4081
2637	1260
2637	1559
2637	3877
2637	3791
2637	254
2788	3998
4578	4550
4578	261
4586	2805
4586	3419
4586	4938
4597	1614
4597	90
4597	252
4597	253
4610	4193
3220	3280
3220	2487
3220	875
4692	839
4692	1436
4692	289
4692	291
4699	2381
1108	4018
3744	3759
4741	3759
4742	3759
4747	3761
4748	3761
4749	3761
4750	3761
4750	4452
4752	3761
4756	3764
4756	4757
4756	4762
4757	3764
4757	4756
4757	4762
4762	3764
4762	4756
4762	4757
3957	3770
3970	3770
3970	3973
2029	1185
2029	874
1412	3841
4934	4442
4934	4933
4935	4936
4936	4910
4936	1430
4936	4935
4936	598
4936	2558
4941	1198
4941	1430
4942	1198
4952	3934
4726	2690
4726	595
4968	359
4968	360
4990	2986
4990	4660
4990	485
4990	4992
4990	658
4990	1427
4992	2986
4992	4660
4992	4718
4992	485
4992	4990
4992	658
4992	1427
4992	2922
4992	367
4995	3916
26	3930
27	3930
200	3930
323	3935
52	133
52	4592
52	3827
52	381
2687	1115
2687	3259
64	3228
64	4041
559	1860
559	1497
3501	4661
3501	1589
91	3906
92	3906
92	3358
94	4846
97	4846
97	94
100	1864
100	94
800	122
800	3855
125	3958
143	641
143	1923
143	403
143	404
143	405
149	2392
153	2768
1143	1116
1143	2476
1143	669
1143	1176
1143	1245
1143	1248
1143	1321
1143	408
1188	3481
1188	2509
1188	183
1188	185
1188	1547
1188	189
1188	1585
183	1188
185	1410
185	3481
185	2509
185	1188
185	183
185	515
185	2304
185	187
185	1547
185	189
185	190
2304	1188
2304	183
187	3481
187	2509
187	1188
187	1547
187	189
1547	3481
1547	2509
1547	1188
1547	187
1547	189
189	2509
189	1188
189	183
189	185
189	187
189	1547
189	190
189	324
193	3972
195	3972
197	3972
197	320
197	1306
197	3077
238	417
248	837
3251	4809
3251	1389
3251	420
3251	1270
258	423
263	3633
276	4006
276	2308
276	4001
278	4006
278	285
278	4059
284	4006
285	4006
336	2073
362	4356
1551	1754
1551	1187
382	2768
2462	4645
467	3883
468	4048
468	4734
468	466
3076	4286
3076	1773
474	4048
474	4986
474	328
475	4048
4688	4669
4688	4672
4688	4677
4688	470
488	668
488	366
488	479
2962	481
504	1640
525	141
549	306
549	2397
563	4223
564	373
564	561
564	509
575	561
584	4154
591	4205
591	1024
598	256
598	1430
3765	4599
3765	3777
641	47
641	143
643	2692
643	1357
643	4027
643	527
643	3108
643	529
643	530
658	1427
3941	3448
3941	4523
3941	2388
747	1255
683	539
683	540
716	558
726	244
726	68
726	70
726	74
726	86
726	87
726	89
726	3741
726	4023
726	4024
726	4029
726	3875
726	3275
752	4118
753	4118
755	4119
4646	4469
4646	3739
810	4606
4959	71
842	71
3817	4164
3817	4175
3817	4546
3817	1853
3817	4081
1853	3817
1884	4164
1884	4546
1908	4164
1908	4546
1908	2637
4245	4164
4245	4546
1954	4164
1954	1430
1954	598
221	4164
221	4988
221	3313
246	2290
246	2392
249	1961
249	1143
249	1116
249	1587
249	2781
249	1656
249	1176
249	2192
249	1253
249	1254
249	2236
249	1256
249	1273
249	2345
249	3319
249	2580
249	2602
249	1280
249	1285
249	1286
249	2409
249	2313
249	394
249	588
249	589
249	2051
249	3414
249	592
249	593
2603	1017
3003	520
3003	2216
3003	642
826	4205
826	612
1024	4205
1024	3633
1024	591
1024	613
383	2284
383	3140
1061	2463
1066	4223
1116	2149
1116	1143
1116	4093
1116	1176
1116	1245
1116	2192
1116	1321
1116	3590
1116	3260
1116	2579
1116	1329
1080	1833
1080	4419
1207	4237
1207	1091
1091	4237
1247	3249
1100	2282
1100	3246
1100	410
1100	1816
1100	617
1100	618
1100	619
1100	620
3295	4241
3616	2706
3616	627
1173	495
1923	4613
1923	143
1923	2184
1923	637
1236	4552
1236	4206
1236	2725
1236	3038
1236	31
1236	36
1236	2202
1289	1085
1291	1085
1292	1085
1351	4338
1352	4338
1370	4347
1370	2488
1370	2966
1370	1495
1377	4606
3071	3963
3071	3968
1415	2373
1415	3187
2364	4435
1497	1860
1497	4497
1497	559
1497	1500
1500	1860
1500	1497
1506	3172
1506	2506
1506	4720
1506	1988
1506	4968
1531	4467
1531	2025
1531	2036
1531	4120
1537	4467
4093	2149
4093	1701
4093	1176
4093	1177
4093	1323
4093	2996
1587	2932
1587	249
1618	1805
1623	4193
1626	1558
1626	1915
2367	4974
2367	2501
3484	2724
3484	740
3484	741
1664	2733
1674	4488
1674	2798
1674	1676
4165	4488
4165	4161
4165	2950
4165	3083
1676	4488
1676	2798
1676	1674
1676	1783
1702	4497
1702	4537
1703	4497
1704	4497
12	4956
1708	1699
1711	1978
1711	610
1711	2495
1711	4532
1711	4558
1765	493
186	4528
1870	4144
1870	4579
1817	4550
1843	2115
1843	2057
1843	314
1843	798
1851	4394
1851	4298
1854	821
1855	1215
1855	103
1855	371
1855	4456
773	4571
773	3192
773	1739
1964	3749
1964	1359
1964	1116
1964	2781
1964	1176
1964	1243
1964	2192
1964	2236
1964	1256
1964	2602
1964	2623
1964	2369
1964	1284
1964	2409
1970	4496
1972	4496
1974	4496
1767	4609
1767	835
2010	4609
2010	293
2010	569
2016	1871
2034	1287
4074	2315
4074	4964
2097	4649
2097	2870
2292	4649
2117	3262
2117	858
4397	3793
3257	4675
2150	665
2162	3438
2162	3082
2162	4215
2165	4695
2189	2895
2227	4947
2227	2094
2244	2245
2245	2244
2257	1301
2258	2674
2265	4008
2265	4077
2265	182
2265	188
2326	3640
2326	4691
2326	912
3485	4802
3485	1489
2329	4802
2329	3419
2329	1171
2329	1475
2329	1476
2329	1478
3853	4111
2389	838
2389	205
2389	1983
2389	2390
2389	2898
2389	2899
2389	2900
2389	2220
2389	2228
2389	2904
2389	2234
2389	2906
2389	2907
2389	2527
2389	2753
2389	2206
2389	2755
2389	3335
2389	428
2389	3413
2389	437
2389	440
2389	443
2389	447
2389	449
2389	2450
2389	457
2389	460
2389	461
2389	3532
2389	471
2389	477
2389	480
2389	483
2389	487
2389	3649
2389	3489
2389	3573
2389	3729
2389	508
2389	1834
2389	514
2389	3807
2389	522
2389	526
2389	968
2389	969
2389	970
2389	971
2389	972
2389	973
2390	838
2390	1983
2390	2389
2390	2898
2390	2899
2390	2900
2390	2220
2390	2228
2390	2904
2390	2234
2390	2907
2390	2527
2390	2533
2390	2753
2390	2206
2390	2755
2390	526
2390	968
2390	970
2390	971
2390	972
2395	4947
2395	4957
2395	2072
2395	974
2395	975
4249	2027
4249	2308
4249	2682
4249	4635
4249	4533
4249	301
4249	302
4249	140
4249	590
2448	306
4483	2873
4049	1639
2480	1885
2480	1898
2480	376
2490	4956
2490	1795
2491	4956
2491	1900
1900	4956
1900	4694
1900	705
2493	4956
610	4956
610	1711
610	2491
610	762
2495	1711
2496	1711
2496	4532
414	4972
414	458
2518	4972
2518	3610
2519	4972
378	3318
2598	203
392	3899
2611	4981
2611	4534
2617	292
2617	473
2653	4943
2653	809
2653	3486
2653	3500
2658	13
2658	1907
2658	1183
2664	17
2664	2585
2667	17
2667	2933
2672	21
4754	218
2691	38
2696	47
2696	2758
2699	3775
2700	47
2711	219
2711	733
2711	1054
2737	2382
2741	1076
2743	2382
2746	1212
2746	3249
2746	2760
2746	1909
2746	1700
2746	4077
2746	1142
2746	1753
1357	643
1357	1081
2777	2931
2777	2406
2777	1428
1428	1197
1428	2777
1428	2780
1428	1083
1432	1197
2780	2406
2781	1990
2781	3749
2781	1143
2781	249
2781	1116
2781	1964
2781	1656
2781	2192
2781	1252
2781	1253
2781	2236
2781	1256
2781	1280
2781	2409
2781	1368
2781	3114
2781	593
2781	1084
2781	1951
2803	828
2803	633
2803	1095
2803	1096
1656	1300
1656	1305
1656	1308
1656	1309
2809	124
2809	2810
2809	2812
2809	2473
2810	124
2811	124
2811	2809
2811	2810
2811	2812
2811	1097
2812	124
2812	2810
2812	2811
2815	859
2820	130
1837	1098
2842	342
2842	2843
2843	342
2843	2842
2845	844
2846	151
2072	2395
2072	1106
2072	1107
2896	205
2898	1983
2898	2389
2898	2390
2898	2533
2898	2755
2900	2389
2224	2389
2921	219
2921	1294
2921	1113
2964	1569
2964	1122
2987	4364
2987	445
4364	2838
3008	4477
3008	1126
1201	4122
1201	721
3128	3274
3040	321
3041	321
3042	1136
3042	1137
3053	330
3053	3644
3054	330
3054	3058
3058	3054
3059	330
3061	330
3078	1858
3078	4206
3078	2725
3078	3038
3078	31
3078	36
3316	4584
3316	2413
3117	356
3136	264
3154	18
3161	1161
3161	2722
3161	3162
3161	2158
3161	2159
3162	3161
3198	409
3198	3542
3199	409
3202	2278
3205	415
3205	3542
3232	434
3244	444
3244	2601
3245	444
3245	1740
3246	444
3246	1100
3267	456
3268	456
3279	1996
3281	478
3281	1202
3284	3490
154	2674
3352	538
3352	4885
3352	3353
3353	538
3353	3352
3353	1200
3355	542
3364	3776
3369	3497
3369	2161
3384	1438
3385	1438
3387	1213
3392	1438
3395	1438
3410	1903
3410	3412
3410	2808
3410	1660
3410	3965
3412	561
3430	2870
3430	3429
3430	3431
3430	1216
3431	2870
3431	3430
595	2690
3520	3517
3091	4066
650	4066
650	602
650	1229
3548	4076
1521	4076
1544	4076
1544	1548
1544	1689
1548	4076
1548	1544
1548	3561
3556	4076
3556	2472
1562	4076
1562	2472
3402	4076
3402	2472
3559	4076
3559	2472
3560	4076
3560	2472
3561	4076
3561	4489
3561	1548
3561	1689
3562	4076
3563	4076
2446	1570
3571	694
3580	2316
3606	1398
3607	1398
3607	3606
3610	4148
3610	2518
3632	4996
3639	1526
2337	2849
2342	2849
3717	758
3717	760
2855	3609
2855	4051
2855	4052
2855	4053
2855	3912
3751	2210
3752	796
3752	3883
3752	4292
3752	988
3752	2210
3752	2261
3752	4642
3752	1263
4736	4715
2679	4715
3782	816
3782	1743
3785	3805
3800	4304
3800	3798
3800	2824
3822	850
3822	2461
3822	748
3822	2350
3822	2354
3824	812
3824	2359
3824	1279
3834	4082
3834	2219
3834	2271
3837	3017
3837	727
3837	422
3837	1549
3115	4679
3851	4551
3851	1296
3851	1297
3854	306
3856	306
3857	306
3858	306
3859	306
3860	306
3861	306
3225	306
3863	306
3863	3864
3864	306
3865	306
3865	2431
3865	1299
3888	2018
3888	3869
3343	2018
3892	2018
3893	2018
3894	2018
3895	2018
3901	272
3901	3373
3901	2080
3931	2358
3933	668
3984	1558
3984	1561
3984	2856
3984	2380
3984	1324
3939	3945
490	1616
4022	1976
4077	2265
4690	1230
4690	3224
4123	1220
4123	1373
4142	116
4151	1310
4151	1872
4151	4155
4151	2881
4155	1310
4155	1872
4155	4151
4155	4620
4155	622
4178	3021
4178	1437
4206	366
4206	3521
4206	1236
4206	3078
4206	4208
4206	4210
4206	4211
4206	4212
4206	1396
4208	4206
4210	1858
4210	4206
4210	2725
4210	31
4210	36
4211	4206
4211	2725
4211	2729
4211	3038
4211	31
4211	36
4212	4206
4212	3038
4233	3050
4233	2830
4233	1403
4235	1374
632	217
4253	1387
4253	1408
4272	4687
4272	3567
4282	1948
4282	573
102	4923
102	4412
4322	1424
4322	1650
4328	4420
2012	1365
1271	1365
4359	1430
4365	4996
4365	4297
4365	1419
4448	2792
4451	1486
4451	696
4520	1550
4520	1215
2380	1558
4525	1558
4525	558
4525	1456
4525	1457
4525	1458
4525	1459
4525	3371
4525	3374
4525	3378
4525	1463
4525	1464
4527	1558
4529	3945
4529	1811
4529	1466
4529	1467
4529	3405
4592	52
4627	1655
4639	1627
4657	1650
4657	3588
4683	2091
4683	1509
4687	2424
4687	4272
4710	5
4710	4421
4714	4910
4729	4390
4731	4732
4732	4390
4027	643
4807	2991
4807	2994
4254	1795
2867	387
2867	2879
2879	387
2879	93
2879	2867
4939	4458
4939	4637
4939	1543
4958	206
4958	2950
4958	2347
4979	1895
4997	407
4997	1591
4997	10
3	1902
4	1902
1989	259
35	1673
3620	1245
145	1984
146	1984
146	813
146	1580
147	1984
4541	1984
4541	354
155	1413
155	1831
180	633
180	3310
225	495
225	3753
225	2440
225	3002
1824	1653
294	1653
294	1598
311	4552
318	2115
319	2115
1932	2115
355	720
357	3233
358	2123
442	2223
452	2223
452	377
452	1628
452	1629
453	2223
454	2223
455	2223
2877	3804
545	2262
545	547
546	2262
546	4190
547	2262
547	260
547	545
562	2279
326	3252
326	2806
326	846
326	1662
746	2461
748	2461
750	4561
750	914
781	1399
781	1905
781	1852
781	491
781	1680
781	1681
781	1682
781	1683
781	1684
781	1685
781	1686
781	1687
491	1399
491	1852
491	781
491	4636
491	1688
4380	1028
4477	2604
4477	3008
834	2523
834	3605
834	1721
834	3570
862	2574
557	813
976	3797
984	85
985	2678
985	1736
989	2678
994	2680
996	2680
998	2680
1012	1518
1012	4980
1012	1326
1012	4994
1012	1366
1012	1
1012	1741
1021	2719
1021	266
1021	16
1051	2726
1052	2726
1067	1976
1067	152
1067	238
1067	364
1078	4684
1111	1947
1112	3831
1112	2876
1112	108
1112	112
1118	1251
1118	3052
1119	1251
1120	4436
3021	2638
3021	1477
3021	3240
3021	1764
1477	2638
1477	3021
1139	1342
1140	1342
1141	1386
1171	2768
1171	2329
1171	1169
1171	1768
1176	4093
1176	1177
1176	1245
1176	2192
1176	1249
1176	1253
1176	1280
1176	1328
1177	1176
1177	1245
1177	2192
1187	2787
1187	1551
1809	2792
1809	1865
1809	1196
1809	1771
1193	2792
1196	2792
1205	1668
1925	2817
435	4704
1240	4343
1242	4881
1243	4074
1243	2322
1243	1778
1245	1176
1245	1280
2192	1176
2192	1245
2192	1249
2192	1253
2192	1328
1249	1176
1249	528
2236	1701
2236	1321
1269	1785
1269	1786
1300	2562
1301	2494
1301	2257
1301	1300
1301	1790
2453	2494
2453	1701
2453	3625
2453	669
2453	1301
2453	2465
2453	1311
1316	3163
1316	2638
1316	1317
1317	2638
1317	4643
1329	1701
1329	1245
1329	98
1329	2997
1331	1899
1331	630
1331	2609
1624	2239
1624	1812
1624	300
1624	304
3237	2249
1368	1990
1368	1805
2035	1978
2035	4394
1371	1978
1371	2677
1371	4141
1371	4383
1380	2870
3018	1369
3028	4537
3028	1369
3028	1806
3028	1807
1422	4923
1422	4412
1422	102
1427	4992
1427	2922
1436	4692
1436	4178
1437	4178
1443	4350
1443	3833
1443	4686
1443	1666
1443	718
1443	3441
1443	3442
1443	3423
1443	1822
1443	446
4302	2936
1475	3419
1475	2329
1475	1476
1475	1478
1475	1825
1476	3419
1476	2329
1476	1478
1476	1479
1478	3419
1478	2329
1489	4290
1489	535
1489	3485
1489	1827
1489	1828
1489	1829
1491	1635
1491	2692
1491	87
1491	4029
1496	2966
1502	2983
1508	3038
1520	822
226	4379
1315	4379
3891	3539
3891	1542
1549	3017
1549	3837
1584	3883
1584	4291
1590	3047
4125	3047
1592	3049
1593	3049
2241	3271
2241	2256
2256	3271
2256	2241
1293	3135
1293	199
1714	3182
1715	3182
1716	3182
1717	3182
1718	3182
1719	3182
1719	4057
1734	293
1734	572
1739	3192
1773	4286
1773	3076
1773	204
1789	3248
1789	399
1791	3248
1791	2425
2445	3251
2229	3248
1802	3253
410	1100
410	1816
410	620
1816	1100
1816	410
1836	3291
1878	1294
170	535
170	3181
2513	3422
1915	3596
1915	3946
1922	3426
1922	4447
1922	3805
1979	3517
3026	4088
3026	3851
3026	4551
2512	3813
2136	3813
2136	2138
2138	3813
2138	2136
2139	3813
2141	3813
2142	3813
2143	3813
2143	3514
3612	425
3612	463
3612	603
3612	223
3612	623
2147	116
2147	223
2147	4046
2147	2564
2147	2572
2147	2759
2147	267
2572	2564
2572	2147
2572	2759
2157	4881
2157	1931
2180	3838
2180	1936
2184	4613
2184	765
2184	1923
2200	3222
2200	3196
2201	3222
2201	681
2210	3751
2213	3883
2213	4303
2213	2089
2237	3883
3168	3025
3168	3648
2254	4485
2254	4486
2254	4487
2254	4668
2254	2255
2259	3883
2261	3883
2261	4292
2261	988
2261	2210
2261	3526
2261	3527
2296	3380
4056	3636
4056	1856
2310	1014
3627	2620
2316	1215
2316	1845
2316	3580
2385	4020
2394	1512
2449	3743
978	116
3925	116
3925	2250
2535	4169
2535	3679
2535	2536
2535	1994
2535	1995
2536	4169
2536	2535
2538	4169
2538	30
2538	2536
2538	1997
2551	292
2558	4936
2584	2972
2584	655
2539	655
2586	655
2783	655
426	685
426	493
2625	4271
2629	4273
2629	4276
2630	4273
2630	4276
2634	4276
2652	1367
2695	1784
2695	2021
3432	3903
3432	2774
1219	4442
1916	4447
2751	4452
2752	4452
2754	4452
2426	4460
2799	3433
2799	2032
2808	2033
1660	3410
2821	2060
2848	4535
2866	4554
2876	4083
2883	4576
2883	2177
2883	2045
2884	2046
2889	2047
2891	4061
1742	4061
2909	2880
2330	654
2330	817
2330	4979
2969	4674
3007	4709
3022	4738
3045	3541
3208	3064
3208	3065
3208	3067
3208	3068
3208	3070
3215	519
3064	3208
3064	3063
3070	2011
3070	3208
3093	4881
3094	4881
3095	4881
3096	4881
3097	4881
3098	4881
3099	4881
3099	2086
3100	4881
3101	4881
3101	3098
3102	4881
4533	2308
4533	2682
4533	4249
4533	3175
4533	301
4533	140
4533	1713
3175	2308
3175	2682
3175	4533
3175	301
3175	140
3176	4940
3241	2
3241	1903
3241	2112
3242	2113
4418	5
4421	5
4421	4710
4421	2114
3259	1287
3259	3424
3259	1838
3259	2687
3264	30
3264	1953
3272	61
3310	180
3315	2582
3337	85
3337	3720
3337	2128
3337	2129
215	3382
3356	1320
3356	3357
3357	1320
3191	1658
3409	293
569	293
569	2010
572	293
572	1734
572	560
3417	299
3417	2571
3417	3458
3434	4493
3434	3513
3447	795
3454	497
3454	3541
3456	3157
3493	366
3510	2169
3510	3542
3533	385
3533	876
3090	2624
3090	2674
2674	2624
2674	2216
2674	3003
2674	2258
2674	154
2674	3090
2674	642
2844	4922
3181	1367
3181	170
3181	836
3564	493
3564	3796
3564	426
3564	2174
3565	493
3740	493
3758	493
3758	3740
3581	1975
3581	2916
3581	3582
3582	1975
3582	2039
3582	3581
3594	3140
3634	606
2152	1965
3329	568
3329	1005
3329	2190
3684	686
3684	979
3684	4301
3720	2073
3720	3337
3721	727
3741	2692
3741	87
3741	89
3741	726
3741	3875
3741	2204
3820	3163
3820	3821
3821	2638
3821	3820
3821	2612
3821	2208
2961	875
2961	3416
3829	914
3833	1443
3304	4330
3843	979
3844	979
2154	678
3886	1032
3887	1032
4149	4399
3907	3211
3907	728
3909	1082
4971	1185
3790	1185
3953	1185
3965	3410
3975	1215
3975	2346
3975	3591
3975	3592
3905	1217
3977	1217
3978	1217
3966	2006
4023	244
4023	68
4023	89
4023	726
4023	4025
4023	4029
4024	87
4024	726
4024	4025
4025	3741
4026	2692
4026	87
4026	4028
4028	2692
4029	87
4030	70
4030	87
4039	3228
4039	1304
4041	3228
4041	64
4043	3228
4043	4041
4044	3614
4044	4330
4044	2267
4330	3614
4330	3304
4330	4044
4330	4355
4330	2212
4051	3609
4051	2855
4051	4052
4051	4053
4051	3912
4052	3609
4052	2855
4052	4051
4052	4053
4052	3912
4053	3609
4053	2855
4053	4051
4053	4052
4053	3912
3912	3609
3912	2855
3912	4051
3912	4052
3912	4053
4658	548
4658	4090
4094	1404
4094	1400
4099	1406
4106	1407
4106	72
4139	2668
4139	704
4139	88
4139	3403
4139	3432
4157	1465
4158	1465
4162	1483
4187	2954
4187	2263
4187	2264
4196	2291
4279	1123
853	1123
298	1123
860	1123
4289	3014
4289	3137
4303	2213
4335	1657
1241	1657
1302	3947
1302	4017
4434	338
4434	341
4434	1077
4480	1841
3112	1877
607	1418
4564	1907
4566	1907
4573	1913
4581	2314
4583	1926
4589	1287
4621	1976
4622	1976
4623	1976
3030	1976
4625	1976
4626	1976
3110	1305
4642	4292
4642	1263
3203	2011
4686	1443
4686	1666
4686	2336
3143	2053
4713	2073
3543	2073
3596	4690
3645	628
3645	631
3645	2650
4743	2306
4744	2306
4744	634
4811	2991
4209	149
4203	2194
4203	1947
3038	1508
3290	1071
4924	2221
4938	3419
4938	4586
31	2725
36	2725
45	2371
45	2373
46	2371
46	1993
46	4507
46	4508
1588	1670
217	632
235	2949
1553	369
267	3221
271	631
273	631
4244	463
4417	2250
4463	631
1794	703
301	4249
301	3175
140	2682
140	4249
140	4533
140	3175
140	301
140	1713
245	2692
314	1843
1914	2692
1937	3481
1937	2509
1937	674
331	2724
344	2733
1810	837
1810	1426
1810	3473
441	3919
445	2838
445	2987
498	4705
498	3118
498	3766
498	3767
498	3768
498	3769
498	4234
498	3771
498	3772
565	2919
565	4299
565	4309
3294	2919
3294	4299
3294	4309
3294	565
571	3012
580	2993
1172	2468
1172	2469
642	3150
642	2216
642	2471
671	3189
672	3189
673	3189
673	3276
673	778
681	3196
4059	3382
4059	284
688	3211
4084	3211
723	3238
766	3273
766	3922
1856	3273
1856	4056
1856	2498
4551	3273
4551	3851
4551	3026
4551	769
4551	1296
4551	1297
4551	2499
4551	427
769	3273
769	4551
775	3276
802	3296
4717	3296
811	3296
825	102
2104	4923
841	3332
841	2503
841	2504
2069	3381
981	3511
1059	3633
1192	3633
1062	3633
1063	3633
1064	3633
1065	3633
1086	3654
1086	519
1087	3654
1101	1175
1128	22
1499	2472
1507	1510
1510	3746
1510	1507
1510	2078
1178	3777
1232	3899
1234	2458
1239	3452
1277	3962
1278	3962
1318	1319
1319	1318
2609	630
2609	1331
2609	1330
1335	3998
1335	2565
1358	4038
1358	683
1358	2567
1358	2568
3188	3781
1440	459
1440	2453
1454	4243
1462	4251
1524	4360
1525	4360
1525	2299
1525	2875
1575	2608
1603	4458
1608	4458
1609	2610
1631	4493
1636	4493
1643	4504
1643	4506
1644	4506
1645	1644
1647	2282
1649	4506
1697	3274
1857	4584
1857	3316
1725	4603
1726	4603
1666	233
1666	1443
1666	4686
1666	3927
1939	4661
1774	4668
1782	1226
1782	2408
275	2772
275	4409
275	4410
275	3999
275	2632
1799	3832
1800	4702
1800	2578
1800	3125
1801	4702
327	4702
1815	4712
1823	4718
1826	3544
1826	721
1826	2639
1826	2640
4734	4087
4734	468
1880	1881
1880	2655
1881	342
1881	379
1881	2656
1962	15
4248	75
1986	533
1987	533
2004	3513
2004	3071
2004	1757
2004	2009
2004	2683
1757	2004
2009	3434
2009	2004
2030	3382
2070	1411
2070	2056
2056	1411
2056	2070
2063	1512
2064	1512
2065	1512
2066	1512
2079	272
2080	272
2080	3901
2081	272
2087	287
2095	346
2096	346
2289	346
2098	346
2099	346
2100	346
2101	346
2102	346
2103	346
2107	361
2108	361
2109	361
3151	2925
2527	2925
2527	2389
2533	2925
2533	1983
2533	2389
2533	2390
2533	2898
2533	2899
2533	2900
2533	2228
2533	2234
2533	2527
2533	2753
2145	436
2181	489
2191	511
2225	583
2247	633
2276	735
2277	737
2277	2646
2303	817
3647	839
2319	839
2333	4737
2346	4944
2346	3975
2346	3591
2347	206
2347	4958
2348	1654
2348	3638
2351	2756
2378	2583
2398	1069
2401	2990
2402	1068
2414	1295
2415	1295
2416	1295
2483	1282
2510	1353
2510	1799
2511	1353
1910	1353
2516	657
2516	646
2516	647
2516	2749
2516	2750
2524	2604
2547	1399
2549	1399
2585	725
2585	2664
2594	1576
2612	3821
2622	1614
2659	1769
2659	2660
2659	2661
2659	2662
2660	1769
2660	2662
2660	2771
2661	1769
2661	2659
2662	1769
2662	2660
2673	3545
759	1875
2753	1983
2753	2389
2753	2390
2753	2899
2753	2900
2753	2228
2753	2533
2753	2206
2753	968
2206	2389
2755	1983
2755	2389
2755	2390
2755	2898
2755	2206
2755	968
2755	971
2755	2776
2786	2038
4108	2124
789	4683
2826	2798
1783	2798
2854	2249
2875	2299
2875	2790
1574	4601
1574	3077
2166	2794
2887	3307
2913	2392
2914	2392
2723	119
3089	2895
3137	4289
3137	2835
3138	3025
3146	3247
3158	3104
3164	3483
3164	120
3956	3641
3174	3141
3204	3261
2455	3261
3214	3299
4222	3299
4222	4641
3216	3303
3270	3487
3270	1004
3270	604
3322	3625
3360	3776
3360	2859
3360	2860
3360	1980
3377	3805
3575	3832
3399	3832
3399	3401
3400	3832
3401	3832
718	4350
718	1443
718	3441
718	3442
718	3423
718	446
718	2871
718	2872
3441	4350
3441	1443
3441	718
3442	4350
3442	1443
3442	718
3442	3423
3449	3831
3473	1810
3477	4062
3478	4062
3494	4641
3495	4641
3495	3496
3496	4641
3496	3495
3496	2084
3516	2587
3526	4292
3544	4225
3579	4288
2383	4298
3591	3975
3591	2346
3592	4298
3592	4944
3592	131
3592	3975
3592	2346
3592	3591
3592	3593
501	4412
3646	4472
1025	4482
2178	2432
2269	2690
3766	4705
3766	498
3766	3767
3766	3769
3766	4234
3766	3772
3767	4705
3767	498
3767	3766
3767	3771
3767	3772
3768	3766
3768	3767
3769	4705
3769	498
3769	3767
3769	4234
3769	3772
4234	4705
4234	498
4234	3769
4234	3772
3771	4705
3771	498
3771	3767
3771	3768
3771	3769
3772	4705
3772	498
3772	3767
3772	3771
3838	2180
3838	1936
3838	2927
3848	6
3862	303
3235	51
3875	68
3875	726
3083	101
3083	4165
3083	2939
3911	141
3917	1208
3954	2031
3850	506
3967	506
4003	2947
4004	462
4014	519
4079	664
142	722
142	2967
4115	809
4115	2653
3342	62
110	109
110	2981
4216	1092
4216	4217
4217	1092
4217	4216
4217	4218
4218	1092
4219	1092
4259	1195
4283	1258
4295	1322
4388	4136
4388	4389
4389	4136
4389	4388
4392	1594
4419	1654
4419	1080
4423	3453
2232	1956
736	3013
4508	1993
4559	2197
4559	2892
4560	2197
2019	2353
4620	4155
4632	2597
3149	2638
4666	2722
4666	3881
4691	2326
3461	2851
4708	2878
4722	2930
4722	3037
4739	3502
4499	3466
772	3329
227	495
4980	1012
29	612
29	3075
42	3878
43	3881
113	4171
212	4457
220	4462
241	4534
1740	3245
289	4692
291	4692
291	3107
623	3612
623	3849
623	3936
339	3557
360	4968
381	52
403	143
408	3127
1585	1188
420	3251
423	258
466	468
2793	469
2793	3132
328	474
479	488
481	2962
509	564
527	643
3108	643
529	643
530	643
530	1357
558	716
558	4525
3275	726
3313	221
604	1004
604	3760
612	826
612	29
617	1100
617	1816
617	618
617	3148
618	1100
620	1100
627	3616
637	1923
646	3592
2025	1531
2036	1531
4120	1531
721	1201
740	3484
4532	1711
4558	1711
798	1843
835	1767
2315	4074
2315	4964
4964	4074
4964	2315
3793	4397
4215	2162
912	2326
522	2389
968	2389
974	2395
975	2395
705	1900
1035	2598
1035	2077
1035	3644
1054	2711
1142	2746
1753	2746
1753	1142
1081	1357
1081	3185
1083	1428
1096	2803
1098	1837
1122	2964
1126	3008
1136	3042
1216	3429
1263	3752
1263	4642
1296	3851
1296	4551
1297	3851
1297	4551
1297	3227
1324	3984
1373	4123
2881	4155
622	4155
1396	4206
1403	4411
1408	4253
1419	4365
1456	4525
1457	4525
1459	4525
1464	4525
1811	4529
1811	1466
1811	1467
1811	3405
1811	2155
1466	4529
3405	4529
3405	1811
2155	4529
2155	1811
1509	4683
1598	294
1611	1613
1612	1613
1612	3286
1613	1611
1613	1612
1613	3287
1628	452
4636	491
1683	781
1721	834
1721	3570
1736	985
1326	1012
4994	1012
1366	1012
1	1012
1741	1012
16	1021
1947	1111
1947	4203
1947	3293
1764	3021
1785	1269
304	1624
1806	3028
3423	1443
3423	718
3423	3442
1822	1443
446	1443
1825	1475
1828	1489
1828	1830
1830	1489
1830	1828
204	1773
399	1789
2425	1791
836	170
836	3181
3946	1915
1936	2180
1936	3838
1994	2535
1995	2535
1997	2538
2032	2799
2032	3327
2045	2883
2046	2884
2046	3331
2047	2889
2077	1035
2077	3644
2112	3241
2114	4421
2128	3337
2129	3337
2169	3510
2169	429
2174	3564
2212	3304
2212	4330
2267	4044
2954	4187
2954	2401
2263	4187
2264	4187
674	1937
2504	841
2565	1335
2567	1358
2568	1358
2568	3408
2608	1575
3927	1666
2640	3418
2655	1880
2656	1881
2771	2660
2776	2755
2794	2166
2859	3360
2860	3360
2872	718
2872	3445
2872	3446
2084	3496
2927	3838
2981	110
3013	736
3013	3459
3107	291
3936	623
3119	339
3132	3200
3132	2793
3760	604
3148	617
3185	1081
3287	1613
3383	3033
3408	2568
3446	3445
3459	3013
3536	1472
3536	1501
3537	4596
3537	1070
3538	4596
1487	2795
1487	3655
3540	0
3540	172
3540	3547
1492	2266
1492	3552
3542	2712
3542	2727
3542	3198
3542	3205
3542	2311
3542	3510
3542	3250
3542	2989
3542	3656
3542	3657
3542	3658
3542	3659
3542	3660
3542	3661
3542	3662
3542	3663
3542	3664
3542	3665
3542	3666
3542	3667
3542	3668
3542	3669
3542	3670
3542	3671
3542	3672
3542	3673
3542	3674
3542	3675
3542	3676
3542	3677
3542	3678
3542	2230
3542	3680
3542	3681
3542	3682
3542	3683
1501	1781
1501	3536
3545	2778
3545	1946
3545	1787
3545	639
3545	2673
3547	2574
3547	3540
3549	3126
3550	3258
3550	1769
3550	3685
3551	3505
3551	3554
3551	3570
3551	3686
3551	3687
3551	3688
3551	3689
3551	3690
3551	3691
3551	3692
3551	3693
3551	3694
3551	3695
3551	3696
3551	3697
3551	3698
3551	3699
3551	3700
3551	3701
3551	3702
3551	3703
3551	3704
3551	3705
3551	3706
3551	3707
3551	2331
3551	3709
3551	3710
3551	3711
3551	3712
3551	3713
3551	3714
3551	3715
3551	3716
3551	2366
3551	3718
3551	3719
3551	4138
3551	4146
3551	4624
3551	521
3551	536
3551	877
3551	878
3551	879
3551	880
3551	881
3551	882
3551	883
3551	884
3551	885
3551	886
3551	887
3551	888
3551	889
3551	890
3551	891
3551	892
3551	893
3551	894
3551	895
3551	896
3551	897
3551	898
3551	899
3551	900
3551	901
3551	902
3551	903
3551	904
3551	905
3551	906
3551	907
3551	908
3551	909
3551	910
3551	911
3551	3015
3551	913
3551	329
3551	915
3551	916
3551	917
3551	918
3551	919
3551	920
3551	921
3551	922
3551	3195
3551	924
3551	925
3551	926
3551	927
3551	928
3551	929
3551	930
3551	931
3551	932
3551	933
3551	934
3551	935
3551	936
3551	411
3551	938
3551	939
3551	940
3551	941
3551	942
3551	943
3551	944
3551	945
3551	946
3551	947
3551	948
3551	949
3551	950
3551	951
3551	465
3551	953
3551	954
3551	955
3551	956
3551	957
3551	958
3551	959
3551	960
3551	503
3551	962
3551	963
3551	964
3551	965
3551	966
3551	967
3551	1363
3552	609
3552	1073
3552	1492
3552	3254
3552	3730
3552	3731
3552	3297
3552	3733
3552	3734
3552	3735
3553	495
3553	636
3553	624
3554	495
3554	4697
3554	3738
3555	4462
3557	991
3557	4265
3557	339
3557	3119
3567	377
3567	4272
3570	2523
3570	3605
3570	834
3570	1721
1634	356
1634	2726
1634	1072
1634	4075
1634	4078
3572	2123
3586	1577
3586	2644
3586	3755
3597	1577
3597	3756
3601	2926
3601	3578
3621	4495
3638	1654
3638	2348
3644	1035
3644	2077
3644	3773
3655	3167
3658	3779
3677	3542
3678	3542
3678	3680
2230	3542
3680	3542
3681	3542
3682	3542
3683	3542
3685	3550
3698	3551
3698	3786
3698	3787
2366	3551
3718	3551
3719	3551
3733	3552
3733	3789
3735	3552
3738	3554
3755	3586
3756	3597
3773	3644
3167	3655
3779	3658
3786	3698
3787	3698
3789	3733
4129	2125
4764	1346
4836	3200
4837	1555
4145	1567
4145	1573
4844	3994
4166	4007
4863	3200
4231	3200
4865	3200
4865	4069
4868	4107
4872	1617
4875	1620
4892	4202
3305	3200
4915	3200
4926	1174
4927	2125
114	118
920	3551
967	3551
1573	4145
1573	1567
4007	4166
4069	4865
4107	4868
1620	4875
1174	4926
1363	1378
1363	1379
1379	1363
1379	2905
1379	1381
1379	1382
1379	1383
1381	1379
1381	1382
1382	1379
1382	1381
1383	1379
