4093	1176	1
68	726	1
2781	2236	0
4992	4718	1
3273	769	0
3749	1964	0
3517	3520	0
2879	387	0
1884	4546	1
498	4234	0
3869	3892	0
497	2998	0
2807	1866	0
2197	4112	0
4217	4216	0
2916	1975	0
2197	779	0
2933	17	0
2692	4024	0
3612	425	0
1443	3441	0
463	2671	1
498	3768	0
631	628	0
2456	1391	0
569	293	0
4568	2127	0
2261	2210	0
603	3612	0
4299	2919	0
1990	1252	0
714	625	0
1394	3206	0
4195	3303	0
3771	498	1
2772	4410	0
4990	4992	0
4388	4389	0
2533	2234	0
1092	4216	0
1116	4093	1
2863	2638	0
4309	2170	1
843	652	0
1919	1924	0
306	1327	0
3771	4705	1
4360	2299	0
2389	2753	0
4922	3558	0
4052	4053	1
3929	3636	0
2781	3749	1
2892	4559	1
4287	1394	0
1048	3005	0
726	4024	0
631	463	0
4533	2308	0
2674	642	1
3817	4081	1
69	4029	0
498	3769	0
2677	4383	0
1394	2456	0
1990	2192	1
754	4706	0
1583	843	0
1237	2355	0
1371	4141	0
2261	3527	0
4990	1427	0
1092	4217	0
2420	849	1
4546	4988	0
4497	760	1
4309	4299	0
3515	4247	0
1237	2353	1
726	3741	0
2355	2353	0
4922	1367	0
3454	497	1
1185	2410	0
2609	1331	0
493	426	0
1557	849	1
70	2692	0
3769	3772	0
223	3612	0
2744	4382	1
3761	4750	1
3222	3196	1
1399	1852	0
1009	2443	1
2411	1398	0
1005	3329	0
4301	979	0
2633	2147	1
69	4028	0
425	3612	0
189	2509	0
2155	1811	0
293	572	0
1035	3644	0
1245	1280	0
1307	1298	1
2411	3607	0
4660	1427	0
93	387	0
3921	2874	0
4641	3496	1
1092	4218	1
4412	1422	0
2389	2899	0
3752	1263	0
2902	3471	0
2389	2220	1
140	3175	1
1398	3506	0
530	643	0
275	4409	1
4956	610	1
507	4189	1
1188	2509	1
3271	2256	0
1048	3945	0
2373	2371	0
4956	1711	0
3912	4052	0
2110	368	0
2373	994	1
3017	727	1
2390	2755	1
498	3767	0
387	2867	0
2456	1394	0
2299	2875	0
1394	3950	0
116	3925	1
4228	2198	1
2641	1480	0
3352	538	0
3026	3851	0
4990	4660	0
3556	2472	0
4389	4388	0
4360	1525	1
2744	1399	0
2535	2536	1
3945	1967	0
4292	2261	0
4648	4033	1
5	4421	0
3997	3996	1
1526	1031	0
4382	4405	0
519	3519	1
2390	2753	0
2535	4169	0
2118	1376	0
1393	534	1
4051	4053	0
2840	448	0
2583	368	0
2722	4666	0
4024	726	0
306	2007	1
2533	2527	0
2772	704	0
2746	4077	0
2798	1674	1
4756	3764	1
493	3740	0
1699	4956	0
3912	2855	1
1908	2637	1
2690	595	1
1869	2807	0
4234	498	1
4673	1670	1
2440	3002	0
293	560	1
1296	4551	0
4150	2902	0
4043	4041	1
97	4846	0
5	4710	0
2773	3524	0
3441	718	0
3749	1990	0
293	2010	0
1800	4702	0
1370	2966	0
1367	4290	0
2709	2641	0
1093	2207	0
402	4018	1
4956	12	0
4051	4052	0
2572	2759	0
4660	2922	0
4375	1262	1
4139	3403	0
3423	3442	0
4992	658	1
4169	3679	1
3638	1654	0
293	569	0
1116	2149	0
4506	4495	0
3684	4301	0
1100	1816	1
3264	1953	0
1185	2355	0
4144	1342	1
1476	1478	0
2472	22	0
3376	4379	0
4309	2919	1
3273	4551	0
4910	4936	0
185	1188	1
2781	1253	0
3817	1853	0
1185	1237	1
4228	495	0
1480	2709	0
1964	2781	0
2986	485	1
4274	2391	0
2389	526	1
4424	2460	0
4301	2196	0
64	4041	1
1937	3481	0
2674	2624	1
534	4221	0
1919	1209	0
2335	1185	0
3679	2536	0
206	4958	0
249	1176	0
2535	3679	0
1340	2328	0
4052	3912	1
4960	402	0
3496	3495	0
2772	275	1
3581	2916	1
2329	1478	0
2261	3526	0
4048	3318	0
2238	2892	0
1491	87	0
1176	1280	0
630	1330	0
185	1547	1
3808	2671	0
1525	2299	0
3749	1116	0
565	2919	0
2110	372	0
979	4301	0
652	1579	0
1177	2192	1
4350	1443	0
2929	1347	0
1381	1379	0
3423	718	0
846	326	1
1721	834	1
3607	1398	0
1367	2652	0
2692	74	0
1048	4005	1
1379	1381	0
2994	4516	1
1948	4282	0
3481	190	0
1382	1381	1
2659	2661	0
4151	1872	0
2995	4475	0
3808	116	1
1185	2353	1
4920	2460	0
4234	3772	1
45	2373	0
1811	3405	0
2536	4169	0
546	2262	0
3767	3772	0
1796	2127	0
4023	68	0
3592	4298	1
3758	493	0
630	1331	1
1857	4584	0
4936	4935	0
4282	573	0
3609	4051	1
2420	1557	0
4216	4217	0
4074	4964	0
1093	4285	1
2347	4958	0
1964	1256	1
2659	2662	0
2692	87	0
410	1100	0
102	4412	0
876	1374	0
4164	4988	0
2755	2390	0
2533	2900	0
1483	2709	0
1868	1865	0
2147	2564	0
1565	3945	0
4497	1497	0
1924	1209	0
2011	3208	0
2671	628	0
4155	1872	1
2275	573	0
2773	1943	0
914	4561	0
4052	3609	1
3901	2080	0
2238	2197	0
979	3684	0
1475	2329	0
3772	3771	0
1339	3997	0
4489	1544	0
4489	1689	0
2633	2572	0
2077	1035	0
4249	2308	0
3002	225	0
1478	3419	1
4189	211	0
2155	4529	0
1866	1865	0
187	189	0
1411	2056	0
4533	301	0
1975	2039	1
4551	3851	0
1443	718	0
1287	3259	0
1868	1866	0
3273	4056	1
3454	3541	0
87	70	1
2200	3196	1
116	3808	0
4705	3772	0
4189	2486	0
1975	3582	0
610	1711	0
2812	2810	0
1382	1379	0
4944	3592	1
2671	631	0
2509	1188	0
737	2277	0
2638	1437	0
70	69	0
2753	2206	0
2509	189	0
4075	4078	0
617	1100	0
3545	2673	0
2753	968	0
2200	3222	0
2283	3049	1
1399	2547	1
1676	4488	0
4533	2682	0
1443	3423	1
4267	2547	1
843	1579	0
2707	41	1
1376	419	0
4189	1053	0
3025	3433	1
3769	498	0
2781	1964	0
116	2650	0
3975	2346	0
631	2671	0
1964	2192	1
2018	3892	1
4546	4175	0
3506	1398	0
4375	2464	1
2198	4227	0
1676	1783	0
4118	752	0
1443	446	1
3259	1838	0
4228	4227	0
1557	2420	0
4046	2650	0
2389	2898	0
3353	3352	0
2389	2228	0
4298	131	0
2863	3021	0
4702	232	0
846	3252	0
1041	754	0
410	1816	0
1340	2789	0
1123	544	0
189	1188	0
2533	2389	0
4726	2690	0
704	3403	0
4249	2682	0
1967	1048	1
3678	3542	1
2538	2536	0
3419	1476	0
1483	1480	0
3945	1565	0
4221	450	0
2143	3514	1
2753	2900	1
2390	2220	1
1526	4943	0
4023	4029	0
3996	1339	1
1480	2917	0
3541	497	0
2136	2138	0
4590	2028	0
4151	4155	0
2487	3280	1
1100	620	0
1565	1558	0
4088	3851	0
1116	1321	1
4756	4762	1
2677	1371	0
4421	4710	0
4706	1036	1
2692	244	1
2147	4046	1
1787	3545	0
3524	2772	0
4005	3945	0
2931	4923	0
1394	1391	0
2532	3524	0
4026	87	0
402	4948	0
272	3901	0
2584	655	1
4292	3526	0
2389	1983	0
1828	1489	0
4666	2722	0
2671	2250	1
1342	1386	0
1034	2557	0
249	1143	0
726	4023	0
4051	3609	0
3542	3680	0
2420	127	0
4245	4546	0
68	4023	0
4005	1565	0
206	2347	0
726	87	0
3175	2308	1
140	4533	1
2898	2755	0
4037	4651	0
1035	2077	0
2389	2206	0
3750	3080	0
547	2262	0
387	93	1
535	170	0
4030	70	1
2627	2583	0
4234	3769	0
4286	1773	1
116	1337	0
2508	2487	0
1188	3481	0
4923	4412	1
1048	1558	0
2127	3948	0
2254	4487	0
2633	4046	1
631	3612	0
197	1306	1
2443	714	0
2855	4053	1
86	726	0
4292	3527	0
3303	3921	0
1199	4345	0
185	2304	0
718	3441	0
1298	638	1
4705	3771	1
1327	306	1
3419	1478	0
2637	4546	0
3972	3077	1
1753	2746	1
2624	3090	0
426	493	0
2509	3481	0
2755	971	0
876	385	0
1370	4347	0
4301	3684	1
4489	4076	0
4964	2315	0
2346	3591	1
1769	2659	0
116	4046	0
463	631	0
1581	3972	0
3835	715	1
3614	4044	0
3419	2329	0
3049	2290	1
1525	2875	0
754	1036	0
3121	103	0
836	170	0
1471	1123	1
817	2748	0
1547	3481	0
4710	4421	0
2855	4052	0
3609	4053	1
1671	2014	1
3430	2870	0
1866	2807	0
4757	4756	0
2781	593	0
2328	2307	0
2722	2159	0
491	1399	0
779	2197	0
3881	2722	0
189	190	0
781	491	0
1557	3615	0
4590	4584	0
2018	3888	0
2748	1520	0
3318	4114	0
4074	2315	0
3005	2856	0
3749	1256	1
1723	2557	1
2557	1034	1
2056	2070	0
1557	127	0
2692	4028	0
4292	988	0
272	2080	0
4118	4342	0
3851	1297	0
4245	4164	0
3750	2477	0
1967	4005	1
3021	1477	0
1116	1245	1
3582	3581	0
1868	2807	0
3017	3837	1
3838	1936	0
2254	4485	0
4650	4651	0
3817	4546	1
2219	2271	0
3615	2420	0
2328	1340	1
3481	2509	1
3609	4052	0
4164	4546	1
2898	2533	0
2609	1330	1
3633	4205	0
2855	3912	1
2241	3271	0
4964	4074	0
2879	2867	0
4273	2629	0
4033	4651	0
1296	3851	0
2147	2759	0
3570	834	1
4292	4642	0
4023	726	0
4716	1198	0
2753	2228	0
185	2509	1
3976	3517	0
2197	2892	0
3433	3014	0
4164	4175	1
836	3181	0
260	545	0
2627	372	0
1579	843	1
4078	1634	1
2390	2907	0
754	1038	0
3522	534	1
533	1123	0
4425	2841	0
64	3228	1
205	2898	1
102	4923	0
4654	4037	1
1651	3471	1
1188	183	0
686	3684	0
2390	838	0
4650	4648	1
3837	727	0
703	2275	1
1651	3467	0
4485	2255	0
4141	2677	1
1983	2898	1
4189	1047	0
652	2235	0
4350	718	0
4650	4038	0
3541	2823	0
341	338	0
2972	2584	0
2641	1384	0
1557	3613	0
1395	4287	0
1674	1676	0
2080	272	0
4033	4650	0
2371	2373	0
2028	4591	1
2781	1143	0
2781	1256	1
2307	2328	1
3817	4164	0
4702	1800	0
1547	187	1
4249	4533	1
3972	320	0
544	1123	0
2389	972	0
1936	2180	1
3945	3939	0
103	1855	0
1936	3838	1
1811	4529	0
1176	1249	0
4330	3304	0
2390	2904	0
4702	1877	1
779	4112	0
4043	3228	0
1877	232	0
4568	1796	0
2180	1936	0
4114	4048	0
2991	2994	0
239	3368	0
1666	1443	0
2262	545	0
2682	3175	1
2533	1983	0
2390	2228	0
4654	4033	1
4282	1948	0
2486	4189	0
2390	2389	1
3875	726	1
3684	686	0
1121	4033	0
3048	3019	0
4189	1046	1
4881	3098	0
610	4956	0
2509	1937	0
4068	652	0
4292	2210	1
3768	3766	0
189	187	0
4051	2855	0
2674	2216	0
45	2371	0
485	4990	0
2674	3090	0
1100	618	0
41	2002	1
714	1009	0
2842	342	0
2212	4330	0
4164	1884	0
4247	1963	1
1990	3114	0
625	2443	0
17	2933	0
2389	2907	0
116	978	0
3049	4256	0
4990	658	0
1367	4922	0
3767	3766	0
572	1734	0
493	685	0
1177	1176	1
3196	3222	0
4345	2188	1
4551	769	0
2138	3813	0
2898	1983	0
4041	3228	0
2919	565	0
2641	2709	0
2460	4428	0
3581	1975	0
3838	2180	0
2692	89	0
1048	1967	0
68	4029	0
2188	4345	0
249	2192	0
1547	1188	0
1475	1476	0
2533	2228	0
4033	4648	0
2861	4375	1
4399	4164	0
2456	1055	0
1547	189	0
652	843	0
1041	1040	0
2755	968	0
1371	2677	1
2328	2789	1
4044	4330	1
2389	970	0
1177	1245	1
2389	2906	0
1176	1328	0
2011	3070	0
2271	2219	0
2731	2733	0
3769	3767	0
4023	89	0
4944	2346	1
4923	2931	0
493	1766	0
4533	140	0
1411	2070	0
1188	1547	0
2855	4051	1
2798	1783	0
2197	4559	0
1040	754	0
170	3181	0
2620	4048	0
1394	4287	0
2011	3519	0
750	914	0
4650	4037	0
2088	2376	0
2692	1491	0
2389	2390	0
2682	302	0
189	185	0
4938	3419	0
4412	4923	0
4546	4164	0
1116	1176	1
68	69	1
498	4705	0
1769	2661	0
3901	272	0
3875	68	1
4164	4245	1
2823	3541	1
2892	2197	0
4053	3609	0
4551	1297	0
2772	4139	0
3947	4017	0
3764	4756	0
3495	3496	0
3746	1510	0
1297	4551	0
372	2627	0
1399	781	0
726	89	0
1048	1565	1
534	3523	0
617	1816	0
2755	2898	0
2390	1983	1
1123	533	1
4298	3593	0
2355	2335	0
2638	3021	0
140	301	1
2254	2255	0
3405	1811	0
2533	2753	0
1544	4076	1
2898	2389	0
3175	140	0
1548	4076	0
1443	4686	1
4428	4424	0
326	846	0
3945	4005	0
4660	658	0
89	4029	1
2184	765	0
4164	598	0
1769	2660	0
3076	1773	1
2692	4026	0
30	3264	0
1773	3076	0
1370	1495	0
3442	718	0
1116	2192	0
2789	2307	0
4551	1296	0
2389	2904	0
2138	2136	0
4660	485	1
2389	2234	0
544	533	0
4189	1917	0
3764	4757	0
1398	3607	1
1651	2902	1
1199	2188	0
1816	410	1
1476	3419	1
3294	4309	0
1209	1919	0
3771	3768	1
2807	1869	1
1990	2236	1
4164	2637	0
2390	970	0
2390	2206	1
116	2147	0
1510	1507	1
1176	1245	1
1121	4037	0
1480	2641	0
2390	2234	0
1327	2007	1
69	87	0
4356	993	0
4936	2558	0
3222	2200	1
4033	4034	1
2609	630	0
2874	3274	0
2898	2390	0
534	450	0
3910	3415	0
1395	2456	1
2275	703	0
3817	4175	0
4529	1466	0
3717	760	0
68	3875	1
3766	498	1
1723	1034	1
1865	1869	0
625	714	1
185	3481	1
4093	1177	0
485	658	0
2902	4150	1
2348	3638	0
1908	4546	0
715	628	0
2807	1868	0
781	1399	0
643	1357	0
4018	402	0
2638	1477	1
3644	2077	0
4249	301	1
3431	3430	0
1297	3851	0
4267	1399	1
535	3181	0
834	3570	0
4686	1443	0
1395	1394	0
4944	4298	1
1983	2206	0
4807	2991	1
2192	1328	0
3772	3767	0
2390	2533	0
2315	4964	1
573	4282	0
749	582	1
3402	2472	0
4992	2986	0
2070	1411	0
758	760	1
2809	124	0
2661	1769	0
4345	1199	0
1342	1139	1
834	1721	0
1975	2916	0
2390	968	0
3912	3609	0
1734	572	0
372	2110	0
4330	4355	0
2192	1176	0
3863	306	0
1198	1430	1
4285	2207	0
3679	2535	0
2966	1370	0
4990	485	0
2629	4276	0
2443	625	0
189	324	0
3945	1048	0
2077	3644	1
4053	4052	0
498	3118	0
4237	4596	0
631	223	0
87	4026	0
1670	1588	0
3835	709	0
1964	2409	0
2080	3901	0
3423	1443	0
769	3273	0
2389	838	0
779	2892	0
4217	1092	0
2789	1340	1
4052	2855	1
603	425	1
2390	2899	0
2070	2056	0
1399	491	0
1306	320	0
425	603	0
2671	116	0
3560	2472	0
2892	4112	0
2753	2533	1
187	2509	0
4757	4762	0
533	544	0
4762	3764	1
2376	1526	0
2646	2277	0
2773	4670	0
1983	2389	0
718	4350	0
718	446	0
2509	1547	0
4388	4136	0
4053	4051	1
4660	2986	0
1340	4095	0
2667	17	0
2192	1249	0
1562	2472	0
4668	4485	1
140	2682	0
2781	1280	0
4944	3591	1
3805	4447	0
1048	3939	0
2304	1188	0
1497	1860	0
2690	2127	0
225	3753	1
1176	2192	0
4048	4114	0
491	781	0
4046	978	1
3415	3880	0
4666	3881	0
2807	1865	0
1316	2638	0
2028	2849	0
187	3481	0
2578	4702	0
385	876	0
1424	3746	0
1185	2335	1
2256	3271	1
4648	4650	0
1990	1249	0
3561	4489	0
2966	1495	0
3252	326	0
2391	4221	0
4078	4075	0
2533	2899	0
463	3612	0
1379	1382	0
3318	4048	0
4023	244	0
3834	2219	1
4151	1310	0
4529	1467	0
1395	3950	0
1676	1674	1
306	3864	1
2931	4412	0
2744	4267	0
2650	116	1
2198	495	0
2410	2355	1
2389	2755	0
3869	3894	0
4347	1370	0
4383	1371	1
4733	2690	0
2390	2898	1
2373	999	0
4217	4218	0
2315	4074	1
4533	1713	0
4382	2744	1
686	979	0
979	686	0
2007	306	0
2692	3741	0
4705	3766	0
638	1307	1
2755	2389	0
497	3541	0
4757	3764	0
2629	4273	1
686	2196	0
185	189	0
1830	1828	0
4164	4081	1
3442	3423	0
2753	2390	0
3772	4705	0
4033	4037	0
4301	686	0
1975	464	0
534	2391	0
4533	3175	0
87	1491	1
2784	1582	1
4175	4164	0
2456	3206	0
843	4382	0
2147	116	0
3837	3017	0
709	628	0
2491	1900	0
3609	3912	1
2784	3764	0
4705	498	1
1477	3021	0
2390	972	0
3181	170	0
1331	630	0
3766	4234	0
498	3771	0
485	4718	0
3766	4705	0
4237	1091	0
2010	569	0
2219	4082	0
4273	4276	0
1948	573	0
2241	2256	0
2753	2389	1
718	3423	0
2772	4409	1
326	3252	0
3441	1443	0
2798	4488	0
2746	1142	0
4082	2219	1
2196	686	0
4533	4249	0
4046	1337	0
2646	737	0
3101	4881	0
2307	4095	0
1904	3950	1
4421	5	0
249	1116	0
568	1005	0
402	4960	1
1143	1176	1
726	3875	1
1478	2329	0
