4579	237
1680	9117
541	6719
4160	6747
1962	2424
2283	58
7781	7791
2324	3376
5104	779
3543	1460
4515	3067
2912	7772
9117	7388
3975	2508
4070	6090
1354	1138
6839	2531
9954	6518
5934	6893
4464	231
6073	7402
616	7243
1163	1449
1183	826
3451	3324
5099	3586
2481	8229
3833	1924
5960	7307
7805	5578
7032	5275
8379	8934
1413	5967
7204	8319
3172	7297
1456	3794
3470	1852
9478	7216
7367	8408
1661	1400
1773	9129
8696	907
3522	4974
4334	3944
5589	7064
2194	2195
1945	4024
2410	1958
3625	3044
6487	3771
9883	3081
1720	1652
8497	840
4701	3134
111	835
1358	2962
9827	6004
1360	3767
1403	7920
1807	715
3341	2313
2839	1383
1413	3112
5549	5452
8695	907
8274	7101
8615	8613
325	3387
1870	2211
883	1685
2552	2067
3044	3625
6323	6055
3165	1119
6511	6986
2871	2285
2226	43
3996	1720
847	3212
7586	7260
4070	1117
7967	5705
2367	4870
3342	6733
2314	5717
1520	1696
5208	9154
5695	7135
7074	599
2862	7178
4483	237
1354	1031
3055	5030
5163	820
6880	7268
5388	4721
6985	1510
8638	3927
2189	2341
5014	3403
9805	7735
1741	8875
9129	9166
5739	5630
3255	7979
5488	7016
3629	7836
4029	2814
7792	6447
1953	6530
1117	3612
4686	3391
1332	2102
2968	8710
1009	971
3255	4742
2375	1305
7123	7636
4961	4673
5265	2149
1921	3238
2138	2902
2550	2067
708	4826
9965	7079
1345	7840
4987	6563
3963	503
9762	9407
6518	2735
7416	9473
4100	5698
8380	8940
171	7219
737	8149
4634	565
6985	8194
8676	4690
8661	7775
3175	9455
9307	9559
9290	9509
4051	1917
6724	1135
5070	6631
8135	6914
8020	2458
8443	2837
7937	1358
9135	3546
3845	4635
4073	4072
7012	3559
7907	1798
833	1920
4070	6034
1732	2703
3492	5800
3417	6331
8005	58
966	3333
2022	5388
2184	6107
4447	6378
647	1524
2882	4213
4746	5870
5660	9548
6215	7744
9805	4823
3583	2412
3635	611
4250	2503
643	8083
5676	1785
4590	2150
7053	8233
7987	6536
7971	3380
908	1615
2929	2214
3466	4913
7522	6189
3583	6267
5482	3835
9982	7696
2523	3870
7598	8558
9283	6680
4707	745
3494	3501
6588	6572
2940	9884
3492	5804
4113	4269
6196	2962
238	4656
7987	5532
3032	5191
9907	7138
5968	6322
9548	5660
3365	8798
8979	8551
60	2519
594	7046
1945	6218
9152	9846
2993	339
7549	4658
3968	8198
2795	1919
9474	8395
4436	6138
4139	583
9571	8972
6091	1972
1947	1611
616	7248
7727	8975
225	4473
3603	5414
9757	9395
7806	8462
9549	3675
1720	3542
1704	610
3400	4277
9329	9227
9120	4780
6546	2279
5269	6854
1354	2266
1764	5205
2506	668
3903	5511
3503	1179
5492	4972
313	6013
3492	5808
1496	1961
6159	7466
1667	4265
2250	4769
4195	2783
8791	3957
5012	3625
4745	4730
1944	2344
9329	9212
5671	7116
9376	1932
3769	237
1109	9247
1888	2245
9360	9236
9696	9372
3409	3143
5718	9993
3632	6614
2198	34
8875	8878
1857	1418
2968	4374
7356	6311
9493	9912
541	6718
2802	4120
3524	1935
3433	4217
9166	9129
3591	6423
721	9700
2492	7346
4774	3366
6862	1219
2503	3838
5985	7332
7351	8400
9414	9259
8742	7935
6087	7422
5747	2917
7424	7426
6161	3754
2460	6159
2285	3499
8429	3087
5534	3061
616	7244
7874	6571
7103	7938
6178	7504
8828	5648
4245	5981
1956	1773
3628	5162
2397	804
8271	7052
8092	8095
3222	502
6190	7186
1291	3811
3627	7994
3522	4975
5449	1836
2286	6443
2054	2141
5584	758
2217	6185
4570	5611
8866	4345
6843	9893
5868	5085
1391	2352
5735	5519
5593	6448
902	5016
7866	6573
2749	4016
4291	2196
1397	1889
1619	4079
5891	6482
7187	4059
3130	4204
6736	7974
9641	8018
9961	9746
6841	3390
5901	5902
6214	2172
1732	3062
1970	3135
1426	4984
6992	1265
6170	3925
8760	8967
7092	8257
3152	7444
8290	1739
130	7343
3430	1639
4185	2860
8513	3836
5189	827
1472	2334
1732	2708
1935	237
6745	5142
5317	6507
6132	4436
3520	882
1413	5248
6580	6588
9901	2082
5488	7017
1248	1895
7661	6294
3651	8610
2413	5093
8956	9608
9304	9463
7039	7063
6732	3069
880	1766
2138	2903
8161	740
8738	1132
6503	6571
1131	3801
2475	3789
6200	7547
2500	3908
1016	3599
3815	7780
5400	5955
1501	7165
2217	2959
8567	1431
387	4299
4859	5672
541	6699
4263	1138
6631	5070
4810	6422
9717	9377
2146	3841
9750	3369
2757	7636
7792	7328
6865	1078
6143	7458
8035	124
423	3350
3153	4146
3594	3345
5075	6640
2756	184
601	5324
2188	5125
6784	3499
8967	95
7804	653
6577	5488
6316	2887
7335	5112
5997	999
1732	2681
6476	6474
1872	1612
7090	9888
6621	255
2701	1732
2138	552
8755	8757
4828	600
8655	763
2741	628
9609	7982
9478	6785
6846	7921
2058	7003
6990	864
2082	2083
5676	4476
8961	3408
6175	9291
7753	6499
6871	4703
3774	5880
1131	1762
5156	9805
7852	8708
3572	2411
2451	3712
8750	3671
1523	9862
1309	9833
6210	3339
5057	6034
1153	1139
7053	8232
480	482
7114	111
7720	3769
2240	4346
352	5492
3541	1502
1860	2209
4915	6611
2056	7851
541	3039
3815	3970
7486	8485
5029	763
2197	5094
8777	2373
294	5104
1701	4388
9535	1188
7709	7743
9245	4939
6038	6035
6165	3081
1735	2794
4503	6174
8697	907
2388	3638
7155	4784
907	8698
594	7047
5251	6825
2385	5049
1697	2087
6162	1399
554	4721
344	326
4210	4231
4662	647
840	2866
3178	9695
8383	7325
3642	9908
8632	7743
3963	529
616	7249
2092	2538
740	8161
2903	2138
9621	4089
3914	198
3066	6239
9331	1570
4555	3089
9875	9468
5826	2098
1693	1513
4143	3658
5704	7140
2915	4243
9163	1081
9566	5766
879	880
1368	231
556	6848
2340	8763
9480	9908
201	202
8561	8246
9576	1606
2150	4590
1008	1573
7973	5488
2253	2254
3963	508
3903	5486
8269	7098
318	1238
9424	9428
9982	7693
3867	3354
7553	7555
7390	8425
242	9625
1109	9246
5267	6850
8156	7431
4471	231
3599	3596
4651	9796
7812	7393
2968	4375
4853	3436
3980	7068
4116	2075
541	6717
3372	2419
9911	9483
74	4730
3067	4518
9120	7812
817	8420
4972	5492
3085	142
907	8695
6880	7403
2759	187
1732	2594
6553	5492
4169	2844
9588	286
1060	4347
616	7230
5094	2850
5825	2970
3091	739
8640	8639
1485	5139
8757	913
7951	6682
7260	6853
937	237
616	7245
2021	2085
2078	8494
8973	8522
6926	3422
6486	6277
2352	3446
2170	2789
6010	7345
3894	4254
6199	5689
4138	2278
5960	7309
9778	3625
4245	5980
2488	2490
2447	166
3628	5163
6030	6548
4446	7360
3515	2169
2915	4239
170	3760
3043	1642
4848	9858
41	7257
3770	255
8291	255
3092	3412
1371	4512
3126	8857
2795	2786
8289	883
203	2809
2233	3021
4172	2851
4110	2798
1152	3473
9478	7698
3130	4602
7391	110
1108	9228
840	8498
7285	5936
2426	3655
9646	2967
5028	6366
1608	6967
4143	6191
3028	7605
1637	4849
1422	5143
4210	8060
9415	9768
5739	3526
4948	7766
6923	9425
5261	2634
2368	1752
7366	293
1920	8551
2469	5903
7548	8526
4786	4790
2347	7210
4747	4129
8714	7867
1189	9340
2092	1769
7663	1358
4852	7387
3635	5168
5065	5603
3624	391
6891	255
2358	3467
7662	6294
3970	3815
6479	4889
2242	840
8608	3323
7092	4619
5440	3980
8902	8291
7961	5451
3255	4736
9167	1550
8201	6999
3522	4976
1411	429
2364	3478
8738	1133
1537	1075
1921	3228
2547	6925
8781	8788
2475	3788
3592	5114
2294	318
6607	6043
3386	1710
944	9994
9084	810
7295	2324
5949	2920
7342	3912
6282	7650
9043	3841
4302	2942
2805	964
9806	473
6264	7625
1093	1548
4749	1368
6617	7904
7995	709
1874	8783
3075	3904
2762	8798
1405	8754
1664	3513
5483	1142
1835	5184
6001	9828
2768	2767
6337	6690
4372	4343
6332	7716
958	0
3649	2775
4789	4791
8834	7444
8050	8113
3093	2915
3269	2286
1732	2682
8524	8523
8838	8172
1188	9535
3763	5428
7090	9889
4740	6342
8251	5911
1732	2697
2469	9637
6208	4212
242	7035
2138	553
9156	9111
4260	5122
6921	8152
9516	2198
1117	2480
1166	3358
224	4333
2093	3748
4285	6026
8911	1217
1024	1510
3069	55
1945	1611
7409	6076
7852	8709
2508	3716
12	5137
3639	4178
412	3194
6896	6956
9274	1561
3069	4529
847	8530
3747	5313
8916	9281
3499	8170
5310	8808
7053	8231
2758	7637
9954	5186
2473	3781
7987	6538
430	977
5461	8032
6914	7667
4503	4233
9523	24
5729	7397
7506	6182
7076	2971
7929	4210
2515	3857
4914	1243
4436	9098
1153	5608
4474	2233
3032	5193
188	9567
4467	1220
7990	9363
6484	7382
5491	7232
3821	1775
8176	6943
3348	1086
3567	1450
1030	5662
6214	401
4938	6518
599	1657
3567	8220
2233	3024
1720	3996
5073	6439
470	6383
2877	2187
160	3717
2467	2451
8192	7049
1524	1041
1732	2654
8967	9109
4032	5237
4252	5995
2560	3538
3543	3860
4089	6989
616	7250
2092	2539
740	8162
1166	9410
1183	8990
9757	9393
3473	4929
1346	255
1921	2011
1411	7977
6724	6326
8386	9457
6356	774
1693	1512
1732	6189
8680	8679
286	9587
4810	3261
3210	4715
314	5242
5740	9978
9425	6923
1177	9447
1921	3226
3422	9989
3437	1310
1841	1746
6328	9320
1883	2238
1921	3268
8373	8927
8425	7390
9859	7677
1219	6862
3947	8492
1888	2247
6482	486
6843	4344
3836	8513
9822	7190
3674	3967
6219	7569
7628	7627
4810	6426
6314	255
541	6716
5694	9199
4904	727
1298	3832
3628	2867
1358	9787
6905	6395
5104	782
1732	2622
6187	4734
2940	7831
48	1160
1332	9953
907	8694
1531	9864
4458	2426
1201	1197
6707	1674
2239	1883
8996	9820
241	7462
1137	6727
9553	128
3961	2367
1510	1024
3694	2440
6776	3948
1759	1891
3092	4529
6205	6204
2943	53
6206	3822
2352	3447
9125	1305
6039	9742
3959	4096
3707	4203
3131	255
1354	758
9761	2082
5960	7310
1645	1858
3923	5555
6114	7038
1060	3344
9909	9481
3206	2277
170	3761
2287	1632
7696	1322
6190	4059
3522	4973
3067	5476
1727	1662
7450	6548
9358	3545
5491	5435
6474	9810
3523	5062
816	8318
876	8444
468	6544
7851	112
1362	256
3502	3505
9146	4310
868	585
1647	1337
3092	9954
1104	7511
964	7564
9226	3329
6859	6351
375	9613
9542	47
3130	4603
5268	130
6781	5203
581	1426
3125	7741
9001	3704
3529	6995
2083	9761
9358	2416
1307	5781
6392	5245
9338	6964
4856	8622
9760	3565
875	1116
5447	339
4210	8061
4731	7505
3214	303
9312	5253
8846	9846
9010	4291
6461	4872
1921	3253
1696	1529
6377	5558
3836	5411
9050	8834
9457	8386
5593	7072
4721	5388
1791	1505
3331	2499
9471	9466
1219	9665
200	2805
6071	4597
8075	2220
2159	937
3799	1063
1664	2068
3383	2332
3661	2427
7773	2912
8177	7238
4025	4028
3522	4977
2138	2901
7357	8404
1537	1074
7814	8057
2346	6561
7760	1012
7090	9891
8049	6672
8853	9060
799	2404
7166	3222
1880	1881
2217	2957
8550	7594
9176	9143
4217	5951
3408	6941
1116	5090
4910	2784
7945	6674
7787	6440
2969	6073
3160	298
1	9190
9873	1557
871	9737
4730	6325
4101	5709
7785	7786
760	6328
6231	7581
7093	3534
554	9654
9901	9990
8849	4387
6245	5333
650	6464
636	2534
8377	1751
5491	5096
1732	2698
6694	1128
3094	79
8382	2432
318	2294
9694	5039
8710	404
4450	6088
6189	8434
5040	3541
4897	3392
6725	1136
2180	2832
3903	5526
3346	4801
4089	6493
1915	3975
3747	5312
378	1436
9213	1099
3396	2650
333	1383
7217	6873
7840	1341
3676	2609
77	1679
1743	285
6282	5728
3492	5807
8738	9238
5816	7627
823	8429
5112	629
3330	4785
3538	2560
469	6087
4849	326
2906	4226
1334	255
3110	5543
2056	4002
594	7045
2943	7619
6421	7767
8234	7053
7804	659
9112	6602
4922	2459
1862	9962
6290	9732
4177	4180
2281	9966
4902	724
9882	9890
1289	25
8320	2263
2445	6838
1277	7426
3043	4477
1768	78
2072	9363
7785	8675
2281	8655
985	3704
5059	6622
7867	8714
3169	2264
9987	255
2547	5643
7781	6010
8542	71
4147	2819
2729	3981
6987	4510
6274	2411
7577	2082
4692	3113
3133	3352
2500	1107
5592	7354
1494	4595
3384	5358
1769	3057
5047	1958
3028	7600
543	4010
2427	3659
6777	8004
7840	7087
1732	1810
2357	3464
5028	7214
9658	581
5132	6155
5202	407
468	9635
8915	1777
4211	8780
5621	5676
1189	4995
6906	7371
4705	887
3673	153
2025	2332
4850	7440
4890	4074
3166	4870
3731	3474
1906	2968
1732	2604
1192	4390
6644	3470
480	481
1899	9601
9899	4675
968	4084
7041	7269
5050	3198
1759	1890
5631	923
616	7247
6205	6203
3144	8088
2427	3215
2937	3366
3352	705
1883	2239
6717	7965
6065	7384
4589	4871
8096	8095
1921	3293
8845	703
1899	9600
3649	6819
3408	8961
2558	863
5651	2369
5105	6190
4995	1189
4810	4804
9328	1567
6620	4176
778	5104
5160	3627
3860	1793
8243	7067
4010	544
4383	3093
7716	8607
8009	5050
4937	6516
3032	1724
1084	1546
4644	3214
46	4230
2217	2960
1680	7444
6680	6198
2424	4255
3796	7181
4593	875
644	3174
7316	3896
1426	3332
2783	3424
6315	7556
8853	9055
3152	4469
2427	6082
3012	6430
9952	7103
8242	7067
2993	2996
4200	2184
669	973
6675	380
5659	4131
1696	1530
6241	7596
8264	7092
7356	2799
3692	5239
6013	9670
261	897
3354	3868
5256	3880
7486	8484
2738	7413
8182	8180
4346	2877
4709	4488
9435	9265
5736	7758
2927	5272
1221	9675
5960	2529
3255	4738
4957	6539
3069	1764
4385	4386
3512	7761
1775	1973
1537	1073
1209	3532
5842	3088
1131	3802
2141	1825
3592	5116
2427	3172
51	4202
2993	4422
6587	6573
2334	8939
4463	231
5869	9514
4436	6132
5275	5016
797	344
9983	3967
3425	9812
2557	4637
6439	1102
3624	394
6822	5251
7864	6211
2357	8910
4451	99
8162	223
2941	6324
3646	1608
9780	6240
1932	5661
1854	6641
7128	5976
6324	7689
2891	2896
7729	3051
4006	2056
1178	1213
3794	6958
6859	3548
5034	5036
762	766
6209	3367
7282	7436
3553	5077
3963	2906
6194	4208
7116	5671
1967	2433
4201	1220
2368	1476
928	3874
3418	4143
5449	8790
5184	6771
9234	3952
1154	1155
3436	3435
5299	865
6772	5078
3241	5871
990	8969
3888	5954
56	3727
8273	8450
646	3365
415	99
668	2969
1413	2884
1387	6007
3643	3564
3827	3556
4474	4063
8848	5056
2530	9315
191	8212
6913	8128
8403	7356
4204	1243
5911	9105
6086	5322
6261	7622
5758	7179
2941	4296
734	7114
6028	8369
3418	3913
5547	7342
6933	5393
5823	5822
5758	5756
5710	7460
24	9522
9341	9641
3046	4480
2839	131
4916	3751
4958	4959
6871	6913
1921	3303
3868	3354
6999	8201
2427	1219
1715	829
6920	8150
7098	9014
873	1494
6690	2295
6486	6546
9991	8767
1524	1043
1732	2648
8033	1705
5582	5579
3466	4870
1463	1200
5593	7071
3963	530
4385	8751
2757	185
1166	9408
8719	370
2920	5949
2667	1732
9478	6865
6999	4842
4828	3938
4935	3122
2560	5382
6624	8005
1647	1219
7269	7041
6321	2297
8091	3543
7295	5596
3668	4020
1411	1644
4505	3060
3098	4577
3759	8635
6533	4859
5417	3841
5055	6616
3620	5155
5019	3535
4163	8877
8040	8825
7392	9688
300	5144
3178	4666
2945	2178
8834	9050
3883	5456
6363	9121
3650	5385
9912	9915
4784	4786
3892	6621
7627	8577
8931	1648
9565	2501
2812	4786
8380	8937
4760	7921
2269	2209
8172	255
1724	6349
6069	3539
2320	2321
5087	1636
9959	1819
1396	385
3443	4901
1348	7373
5985	1445
312	5208
9812	5427
9994	944
5604	1013
2201	247
6042	4753
2750	4565
7464	7467
1190	1674
1936	6123
1732	2605
664	4747
5122	4260
9775	1243
1512	3939
5550	549
3841	8378
767	4654
1411	4481
946	5718
6394	1009
1923	339
7333	5993
6985	8187
1900	3041
2910	4125
2376	775
5133	6730
6460	6623
472	3854
1731	7671
3589	3596
7274	2246
6163	7478
408	5728
8891	9975
4823	638
7368	5826
5070	2553
6528	7712
2967	9647
3521	3520
1978	2470
6904	5323
6237	6811
8351	1771
8212	8856
9176	1551
8911	4951
9616	385
1647	1339
6127	4418
6936	7779
2511	8178
1528	5920
3130	4601
3175	7864
6219	7572
4327	6934
788	8876
7716	6161
6039	6036
2283	2881
6333	5933
8555	7598
4280	5643
3012	6431
9869	255
4050	2762
9080	5362
2466	7230
5430	549
4259	1244
2249	255
3088	2232
1696	1531
6853	3557
5129	8738
9512	1187
1732	2704
2767	6767
2962	4364
6602	9585
3380	8885
4315	1139
9810	1649
1921	3271
2272	3032
3552	5554
3241	5874
4742	4743
7208	5027
2249	3105
4313	4965
1179	237
8791	6894
6088	4306
801	3431
8272	5683
2138	2899
8436	7416
7825	7833
1371	4670
8850	3541
9470	9467
2993	4421
7752	7702
107	4290
840	5173
2348	4895
6207	9623
3015	4828
3016	4445
4123	4128
9688	2313
9546	68
4772	4499
2115	3041
6107	2184
4334	224
2919	459
4768	6398
5123	3492
5572	382
9298	2761
5248	2912
3553	2476
3709	5257
7157	5726
9337	6189
5991	4549
4504	4505
9761	9404
3416	4863
8247	7076
765	6257
8290	3773
3966	1059
4356	8543
1688	9875
8513	5318
1037	1524
1912	1989
4326	6051
2225	1878
3963	521
944	1503
3339	6210
6620	5887
2299	5734
8157	1380
2938	8904
3885	5458
482	481
6168	172
1139	1153
3051	4496
4195	5913
9514	6329
2669	3398
2362	8223
4255	2424
3562	6710
5936	1901
8217	7036
3130	9362
1411	1920
3888	5955
3903	5520
8267	7093
8779	6834
3903	7870
9760	2999
2272	5941
1	9998
8188	3536
3963	504
4864	8331
1152	9381
5671	4970
7103	9952
248	4650
9645	1494
3190	1775
3534	8280
9604	314
9622	9330
231	4464
6261	7621
2941	4295
7192	4205
1510	1612
5934	7682
8471	7480
3832	1298
1741	1816
6087	7425
2906	4224
3968	8199
7376	6390
4062	1424
7457	8455
3116	1354
4436	2287
617	7264
8882	8249
928	276
5170	7556
6920	8151
1361	2183
3921	1945
5233	5826
6573	7868
1732	2649
388	1656
5492	1329
5736	9978
9983	9514
3963	533
9467	9465
2192	1852
1166	9409
2411	3572
2859	8239
27	26
2378	3518
9413	9258
6498	5323
2116	7415
1935	9764
2367	3487
1392	376
6614	7899
6665	8847
9211	9624
286	9590
2162	231
3707	7399
7795	8094
6548	7442
2217	9095
2819	4147
4143	589
1168	834
8462	7861
2334	1472
841	3431
5659	3760
6755	5153
4215	2935
6587	6503
8880	4717
9720	1373
5028	979
3385	255
7627	8576
1615	9898
4864	255
5028	802
6472	4890
4746	255
1927	174
7061	598
7105	5741
6383	5825
2170	46
5593	3957
4402	1650
3443	4900
774	1920
3539	5826
840	8508
2974	4211
6264	7626
1732	2606
8410	3390
1793	2078
4102	5714
6244	2149
9178	9151
5248	9830
3339	1761
7656	8103
199	5367
9009	4220
9081	1164
982	5919
4274	9774
2271	4209
2988	333
743	2942
5133	6729
36	35
3589	3595
1547	1087
7708	6337
8027	1923
7158	4857
5717	7149
2859	0
1912	1240
2798	8898
3544	2963
1685	6959
5329	6493
5551	2943
1758	214
1272	9826
3502	3508
1647	1338
3676	5214
4412	6121
4513	8591
4483	4050
5045	5264
9247	2271
3338	4798
7207	5824
1870	2213
840	8502
4506	3062
6569	9760
8272	3927
2865	9017
5263	8892
2478	1705
8678	7091
1077	4911
3092	7637
4418	5170
4725	3842
203	6199
7743	8633
7341	1259
4255	6022
6801	8019
2187	2876
1962	5229
5089	3769
6009	5718
9259	9414
23	2135
4027	4870
3979	3255
9983	7350
7215	8328
7063	6041
1219	9666
7869	4152
6875	5294
7378	7439
1187	9511
4828	7367
1081	2787
3733	1426
323	3387
2220	5397
847	372
3624	395
2431	3663
2173	2455
9805	9430
5374	3771
4812	6643
9101	2268
6501	6499
3728	534
3025	2233
5107	6440
7278	7275
1411	2147
314	3684
6487	3515
485	9642
5916	4970
5157	818
3069	843
1721	1722
4768	6399
1276	6241
3390	4827
7035	1205
6495	5830
111	289
4091	2503
3760	3386
4607	665
4910	6580
1131	2981
6374	6788
3592	7192
3113	9155
2166	5230
1413	431
1183	565
1081	9162
3496	2371
7325	8383
4872	5750
1188	9531
6967	8116
1675	1486
716	221
5230	2166
3524	4853
8283	6798
110	7379
1851	2556
3734	1426
934	255
8187	8849
8142	1383
7054	5565
1392	377
5816	237
9129	9169
4195	5912
3078	2237
7483	7480
1331	9671
8878	2770
9017	9127
157	6307
2313	6982
1651	9237
6073	1099
4210	4610
1878	1883
8560	6971
6858	5276
1120	1457
6065	7786
4621	255
8380	5631
1612	2126
1278	7426
2942	8168
1152	9382
5840	4399
2217	792
847	8529
5028	7434
1777	1235
9251	9375
3738	3767
6668	9895
5960	7308
9622	9331
4544	3526
50	9190
6212	4291
9620	2364
7217	3697
1921	3059
6392	1442
3492	5802
467	8849
4712	7330
6038	6036
2906	4225
1102	1779
1493	7053
6192	7529
2061	5599
8585	5251
935	8871
9147	8976
4885	6473
6163	4138
8294	2106
1899	3846
5550	5404
8392	5121
3381	4456
9163	9181
2374	6275
276	3175
4819	4821
3963	532
5678	6195
4343	2934
6278	9474
1430	606
8290	8219
1696	1538
1921	2015
1902	2288
1008	2882
7966	6717
4525	3067
2376	5993
9688	8323
8568	9304
4371	8908
5108	255
8072	4145
5694	1873
6360	3127
1067	8999
1177	9451
5167	5047
2952	4810
1697	5480
8227	2136
9728	3092
5659	911
6646	2514
832	5834
473	3415
1474	2135
9818	7457
5228	7003
5449	125
2441	5570
9156	1918
9683	111
6751	2962
7940	8747
199	1923
9768	9415
591	5322
1417	3037
5428	3763
2802	4114
4265	6002
8906	3190
6587	2839
3707	7346
1357	1923
111	2101
5616	7088
9140	9173
2324	8226
2952	9045
7033	8207
9132	4009
4482	7322
1510	1028
8431	2296
5630	917
9548	9882
9808	6474
8149	737
5699	945
6947	716
1183	9487
1346	6996
3326	4778
1209	6561
5133	6728
8667	3560
8072	1200
3606	0
9206	9246
6486	6547
2762	4037
9153	9101
6987	2066
985	4599
3760	9293
3849	632
2276	3594
6248	4635
9286	5246
3502	3507
1272	9827
7851	116
9511	1187
54	56
4412	6122
1142	3055
3190	4688
9624	6552
3553	1116
7174	8305
2184	7512
840	8503
727	4904
8220	3567
1609	1692
1166	6246
9937	1325
9354	1163
1260	9792
6039	6038
628	7329
4635	9478
1581	1863
7743	631
1149	6785
3643	8645
2413	3529
372	847
4255	6017
5812	5368
5243	5660
601	0
7936	560
3841	3996
9899	6370
3045	3046
5332	5856
4304	626
6464	1374
4704	6305
3832	5406
3354	3867
5867	485
8285	3084
181	2744
3664	3602
1423	2161
3760	7633
2787	1081
3535	5017
7234	1416
6397	4767
3809	2916
3241	5872
2169	3515
2475	3790
4692	4719
5053	3546
7271	617
4750	5418
459	3080
199	2829
259	9579
5492	3689
585	9663
3771	5961
9133	8385
2410	1925
2216	9013
3903	190
7693	4448
2286	4479
2772	2161
1371	8880
3055	6493
2591	1463
3417	340
2917	6273
702	3808
4436	6135
9140	8788
2221	2402
7949	5592
388	9618
5997	3940
5105	6667
2986	5202
9486	3994
9551	100
716	2935
2748	4024
3769	7722
7987	255
5592	7069
405	5685
7926	2860
3770	9756
8986	8418
2547	5634
8804	8089
1696	4287
4371	3089
2214	5414
6010	2966
3009	3570
3422	7583
3492	5794
2518	156
9214	5001
9830	8101
9867	1536
6573	4910
370	3562
5479	1011
7151	4646
5632	6212
4010	3528
6235	4737
1921	2034
7150	5717
6447	1936
2414	5558
1166	3474
5494	352
1119	3923
3768	6281
8204	1384
7852	8706
3888	5957
1251	2243
5856	5817
2473	3775
7025	7024
9494	9912
2963	232
4328	4298
5075	2055
9812	3425
1819	5968
3384	1710
5259	8890
1445	661
985	5477
3043	3707
1741	4040
8253	8889
3806	954
2995	966
1732	2160
170	2136
7784	7782
6600	7888
3094	3093
2340	4996
4164	3241
7092	8264
6293	8386
1331	9947
8250	7903
7457	8453
6392	9859
5960	8189
617	7270
935	8870
6392	4837
6230	7580
386	2853
1350	4944
5550	5405
548	3657
481	480
6573	7866
382	3903
5766	961
2103	423
1924	2052
7936	562
2411	3574
6145	3497
1921	2014
737	3086
8911	8821
8419	8949
5842	1127
755	5039
7094	5192
2514	6646
286	9588
584	7029
6690	6337
14	4236
239	8164
7053	612
1088	9783
5448	339
8169	7666
2063	1939
1732	7007
9012	3889
4210	3860
430	1014
3648	5819
4750	1124
4124	2908
8753	4509
3178	4665
2242	5581
4050	4542
3339	2515
883	1808
7752	4186
8030	1677
1677	134
8240	255
3214	9313
496	3702
541	6711
2802	4115
3649	2503
8978	1492
6189	7522
7468	640
111	2100
3668	416
3492	5787
3146	539
8452	7457
3552	2394
1732	2600
5251	1556
8808	8436
541	3587
5932	2368
6557	6558
2476	255
456	3368
9978	9977
4202	830
5284	5592
4168	610
1183	9486
4799	2592
8251	2880
4719	7826
2528	564
3760	5353
5840	1576
4837	6436
1776	409
1532	6029
6906	8112
1750	8362
2320	3371
2819	4150
1202	4056
8910	6081
9901	8853
4089	4574
6862	8048
78	0
4412	4416
614	5450
735	4382
5400	9280
7627	7628
2	7204
3801	3032
7812	4753
7626	6264
3170	1389
221	1517
5535	1794
2720	2724
3963	3964
417	3540
840	8504
9661	9662
5752	1061
3205	4711
2083	2082
6778	5202
6955	1857
4909	2224
1458	2761
3905	3904
8266	8267
4395	5332
1260	9793
9912	2502
2272	1713
4667	907
1572	419
3906	1701
9778	1244
6919	5364
8060	4210
3730	163
2249	2440
8368	7182
1696	1534
1181	6927
8704	8705
732	4908
6283	6280
1320	1661
896	8517
8377	259
1740	1813
2931	1907
4637	3466
7091	9892
832	2962
6163	5567
4776	3949
4746	5622
1091	1548
9814	9119
1152	3992
968	5597
2932	2214
1185	2324
6871	8062
8885	3380
2101	111
617	7260
3357	3599
4753	6351
352	5487
682	1456
8240	8320
4799	2072
2109	4557
2358	4249
7223	5841
1910	1917
3919	6111
2759	8316
7092	8256
3055	6492
5364	7366
6185	255
641	1931
7612	4595
8211	1320
8522	5606
8175	6486
9009	3964
6871	7296
1355	89
405	5684
2375	1941
621	9031
48	2447
7512	9836
3614	7795
9679	8965
742	7987
3815	3971
3205	4486
6214	2297
7380	6062
1921	3258
3911	8553
8178	7412
1505	8852
8586	4078
98	3499
9635	468
3963	522
6334	5946
6065	8612
5074	5776
2346	3440
2209	1860
5643	4280
1644	1609
2303	3009
142	3085
9305	1296
1243	4204
1361	3521
7921	4757
2413	2066
297	3155
4214	608
6600	3108
6421	6425
3069	339
9924	5201
4768	1095
6975	4731
1758	1886
4755	5940
6943	1002
7295	8796
5592	4731
6361	4753
1445	660
3437	4893
847	8531
3668	4207
5492	7025
5592	793
2764	8847
6551	7862
71	2776
4609	3135
6296	4437
9679	5901
2640	1732
1780	9941
1685	1500
1922	2046
5286	3808
6140	8087
7235	6847
6293	677
5361	7015
968	8943
3941	5989
1331	9946
4328	9715
9418	9775
5079	1244
2753	9619
7390	255
9307	1564
4061	2961
1966	1969
1684	157
8691	4940
1732	2613
465	6894
5630	920
3964	8670
40	5721
5140	5141
4402	1378
3063	3255
7012	6455
6559	6544
4640	7683
9325	9226
7891	3715
8216	3799
5598	1748
7305	5960
3799	8216
4224	3963
3418	1732
4916	1587
1696	1540
7104	1155
594	1029
8923	8362
3499	3062
9893	3471
5137	12
8215	2081
7797	902
4829	7471
3193	5322
8170	776
3642	8630
8768	4597
3735	2463
6372	6373
199	539
582	9234
6690	1433
5599	7105
1944	3602
3328	1908
1015	7710
1294	4057
1905	2302
1749	3945
1536	9867
9772	4273
8523	1943
7036	8216
5686	1369
2531	6839
1408	1830
7276	7275
7132	5693
4340	7766
3030	2130
4053	8529
7166	1221
4143	3418
3604	9106
9477	829
6189	7521
3069	8350
4466	3365
9054	1035
2888	2895
6344	4740
9140	9175
1732	2601
1912	2002
4667	844
8916	9086
1131	1238
7167	5357
3046	4663
6162	2944
4184	0
2942	12
8330	773
5819	2071
3760	2991
9805	5156
5587	7851
3861	474
3113	4586
2941	7981
5067	4170
2233	4767
2887	6316
2116	8335
5488	9472
9696	8837
6906	8113
8281	7114
3748	5316
6036	6038
9780	4612
8847	5677
9036	7281
8451	5437
4210	7294
407	5202
4155	5783
4766	6388
3963	505
9565	5142
2404	396
4287	4724
6410	4394
4125	5614
1418	2094
3880	2525
128	2943
3355	4809
8646	7758
840	8505
7936	3985
6953	5419
2755	2758
9257	6245
1260	9794
2431	2749
3756	3758
7098	4919
6039	8481
4857	5415
5379	7817
2515	3339
4210	8055
42	37
2487	4849
6600	7254
8853	9988
1656	388
1732	2573
1696	1535
9581	1195
1732	2716
98	255
9544	53
9199	5589
2439	5220
581	5855
8847	6664
1921	3311
3340	2313
1740	1814
2099	8734
4145	8072
6474	9809
4231	1357
1187	9512
9424	4635
3701	255
3535	5019
8621	8376
2941	9715
318	3977
340	3417
6924	4273
2832	9294
6873	6152
6328	459
2942	4236
7814	8690
3903	5577
2727	2413
3464	2357
1188	9534
9796	4651
5396	4972
6220	9292
6424	1156
5857	5859
271	4049
1257	7341
7077	7338
4679	2758
3492	5809
3055	6495
7949	7985
7158	2325
676	8276
6539	947
6674	9719
2277	1188
2945	4419
560	1622
4597	638
958	862
3769	7720
6294	9518
2500	3328
6643	2952
7546	8521
6522	5890
3740	9972
9679	8964
1330	7732
6873	7217
8589	7673
9198	9234
8922	8362
5130	6725
5548	206
1762	7008
951	3375
8593	8989
8283	5631
6557	6469
1251	1250
6013	6610
4414	4078
1332	417
7707	6335
8024	6817
4922	6509
2279	610
4670	1754
3466	1802
1361	3520
7921	4756
4909	2279
2871	57
2426	6937
6855	3972
2983	3630
829	3808
6196	9131
2027	7406
6434	5467
8942	8392
285	1743
6545	134
312	1699
2962	7462
3119	4101
4408	6109
8089	8804
7325	8384
3093	542
248	318
4890	6480
3070	4537
6466	2382
9731	866
9291	6175
4404	2983
9549	6056
1131	2517
5081	6069
1475	1912
681	4675
9834	1310
4709	3205
1331	9949
2519	1480
2056	4008
2448	6063
1732	2597
2378	2493
7645	9558
2043	2522
3122	3650
3477	2364
826	7298
3416	5454
4823	9805
1732	2614
1630	3344
467	7703
2185	2855
7098	9011
8546	972
1768	7138
5738	4134
6114	737
2061	8273
4321	2944
1554	4040
1509	3647
7902	8990
7413	9012
6918	4895
2943	4305
862	4049
4295	2941
3769	1374
5751	2263
249	2407
1220	4461
3903	5524
3710	2451
4099	2788
7862	6551
6774	549
598	2440
6117	4067
1921	3244
5447	6977
7261	7262
1536	9868
3627	2808
6033	902
840	4878
5530	5531
5447	4411
3062	4506
9224	9971
8362	8922
1177	3330
7867	8715
2537	4833
1084	6155
2865	1383
9040	8777
8877	5533
5550	7043
2855	4232
7842	669
7563	3172
7188	7203
1817	1741
541	6709
6555	2971
4093	2783
8321	8909
6888	1169
227	7105
3580	2934
6443	2286
6736	1503
8163	740
3744	5304
1664	1906
9362	3130
4812	4804
4482	7321
7358	641
6839	5217
1567	9328
1750	0
9134	9147
4622	6033
5468	552
417	5682
5611	5556
4804	6644
1857	8368
5697	5538
7827	7825
9404	9761
3019	2233
1463	2104
318	1432
2386	101
1830	1408
3591	5084
3072	3070
9801	9427
4155	5782
8226	2480
9427	9801
8884	8249
5575	5761
1433	9848
5076	769
6614	3632
6021	4255
2440	3695
6194	1578
840	4793
4973	748
6811	6804
9209	1156
4284	3627
5251	6317
1898	7527
787	788
1504	455
1845	5091
703	8845
199	3327
2445	1907
9120	4284
3683	5231
6739	6759
7165	8301
7485	8484
4210	7482
1260	9795
9043	2143
3443	8809
6229	7579
3205	4871
2511	0
4497	7604
4734	6187
3165	3075
6326	9671
1413	439
550	3475
1958	2409
6214	7562
1732	2574
111	3676
7979	3255
1696	1520
9911	9914
2506	9981
2335	2336
6573	6572
9799	8783
1739	8290
6349	5105
1143	111
7756	5066
8777	8775
1558	8835
4284	255
1581	1580
5380	859
8841	5136
3113	2833
8331	5653
3635	2996
2216	5022
7928	5468
2235	7576
9623	9334
3804	8739
4835	8443
599	7075
5	6261
1793	9901
3770	5927
6383	2970
8585	5063
199	2830
3903	5576
1558	3628
3827	2810
5727	408
6176	7500
5419	6952
1124	8171
751	8214
5109	3591
883	339
3968	6936
7206	5824
8776	4058
3545	5051
3047	3057
8009	4952
5509	5515
7092	8258
7360	4446
6897	6369
463	3742
857	1939
5779	8398
2222	9690
7078	600
4699	7394
2214	6959
3199	2214
2319	2239
6137	4436
1946	2064
7083	5611
9360	2278
9954	8285
4789	5338
2232	5843
1968	2434
4101	3128
3838	4209
8175	7858
6918	3094
2803	2172
7921	1116
7683	5108
3963	524
2441	5761
7630	7631
2788	4099
1732	2602
2520	3862
7987	2497
1433	1948
5473	3897
4916	3853
3126	4395
5832	1141
8005	2285
5753	1743
8987	8566
7509	6182
4679	6891
8147	7317
1929	4985
4724	2989
2749	2431
6620	7913
3241	3901
9714	777
6241	4423
2430	4146
8388	792
6327	6334
7778	6790
2113	2157
9007	8742
996	5987
1548	9385
4914	8193
3903	5501
5613	7085
1921	3312
6804	6807
1592	5646
1179	3503
231	4463
7366	5364
5923	5867
243	3019
655	1335
5203	6779
6510	6464
5171	822
7481	8483
2544	2066
3941	5987
1331	9948
3959	2783
5011	2845
1814	1740
8866	7985
554	1854
1499	930
5826	5233
934	339
2051	1922
9325	6573
6290	6296
8939	8380
5743	189
2758	4679
4536	6657
5322	6902
8189	1799
3338	7138
1524	1049
1732	2630
6587	4910
3130	5840
8778	3624
8041	4082
7936	1369
1131	3804
7336	629
3941	6957
1696	1542
8734	2099
2191	1358
2244	4705
2961	4354
1268	4707
3620	4836
653	7804
3668	4021
3793	7097
1732	2653
7758	8650
2217	1505
736	3091
76	9547
4200	3355
1042	1524
1611	237
1899	5418
7615	8571
8919	1006
2092	4644
4100	9899
2784	1449
4850	4852
1426	3610
5718	6009
9566	9314
4136	5749
2511	2271
5064	829
9717	1811
5762	2441
5323	6498
1732	2135
2092	817
1908	2480
5672	7609
541	6708
7022	9479
2532	8878
3743	3171
2846	3652
2588	2072
8177	3890
7053	8237
9479	7022
8853	9056
5591	2083
3777	2473
42	7258
3555	7931
7092	8262
1751	8766
42	7089
5718	948
3744	5305
8462	3040
8951	8428
883	1852
1131	1113
1476	2368
4426	5611
6888	5302
2740	1131
1921	2017
4707	6163
715	1807
6653	7932
4869	1509
8105	7183
4258	618
9932	2836
6146	6147
7541	8072
110	1001
641	7358
2528	567
3760	5356
3610	255
7821	6495
1221	9680
5030	4259
8310	8907
6673	6651
9818	4356
3580	7146
3664	1346
2283	8005
8679	8680
5030	1936
1678	3152
6571	6565
3522	255
2493	255
2242	6656
1142	1291
4270	1108
775	2376
2284	59
1009	9023
6891	6287
6964	9338
3205	4708
8674	7785
3571	3005
4690	8676
6905	8105
2185	2858
7165	8300
9286	314
5943	7289
6229	7578
2802	2872
6073	255
1258	7341
6550	4023
4859	6741
2961	4363
6311	5817
4387	467
3534	5004
6573	6571
8791	7219
1732	2372
1955	1773
7499	986
4259	349
1921	2026
8251	5856
5531	7031
7840	7758
1596	2487
3951	6489
6589	3569
8991	3404
7743	3641
2547	5635
1131	1776
5066	9768
3561	5083
9560	3517
4623	3139
4202	51
1405	1302
3770	5924
199	2825
98	2871
3092	8028
153	3676
8450	8273
2427	2313
2738	3991
4259	6114
6424	1158
1309	9832
7163	5633
647	7645
9307	994
7092	8259
3012	2197
6891	4679
2149	6244
8116	3732
1831	1917
9760	9399
7753	6497
318	78
5295	9342
4848	5736
4720	3067
2284	2871
6464	3421
2459	848
4356	8544
1524	5726
1127	5843
1732	2659
1127	1131
2478	2186
3200	4326
3963	527
3521	3876
985	4091
1127	5844
1680	6655
1424	4062
2383	2381
900	9750
1445	5985
1178	1211
7323	2147
5396	3610
312	4528
408	5726
72	1016
1926	1350
3363	1930
1758	1885
5159	3627
3903	5500
6670	7941
1957	7481
3029	8479
6797	7627
3046	1193
1326	8490
7550	4437
5957	3888
9618	388
7480	8473
2277	1141
2198	9516
7219	171
4352	2113
8822	3533
639	4179
5659	2760
2185	6618
5436	4043
9802	4010
9366	9690
2056	4010
1604	2477
1402	8776
3069	8439
701	2415
2365	2137
4536	6658
9309	5976
7555	7546
3241	307
6855	6856
1732	2631
3599	1016
1188	9540
588	4143
9084	805
2301	3009
2072	2593
797	48
7936	566
7370	7006
1696	1543
1921	2035
7079	5599
1388	8737
6046	4312
8631	1508
7426	1278
2116	8342
2131	6550
8871	9070
6852	255
7459	7854
3029	3033
9763	1241
937	2159
833	6491
6886	4141
4012	2505
6375	7733
843	8523
6922	4327
1893	2962
1921	3283
4284	9120
4850	4853
3369	9750
2790	2170
6117	4206
5321	628
4459	6148
1416	497
3075	3165
1373	292
3397	2562
4440	610
1110	7768
3996	2442
4376	5492
5617	2136
6076	1953
1505	2217
4338	225
5660	8030
868	2214
170	231
8200	8854
5468	7004
158	3700
5773	4146
7653	6295
3828	3043
8322	1503
669	7843
2749	3663
6200	4183
1912	2005
4204	1795
6857	5275
4249	2358
4482	7319
199	2387
9577	241
5181	824
766	1485
20	3929
4704	6298
7882	6856
7547	6200
9565	3337
1294	2509
3506	3507
9414	1166
2405	5129
5456	3883
3629	1591
1266	419
3471	9237
2082	8631
1355	92
5759	418
7775	8660
2343	75
3113	3770
1426	3734
3422	3893
6186	3656
5173	840
3592	5104
2113	4352
6247	7613
154	2518
5062	3523
1723	7658
4233	2910
9123	5203
8103	7656
8246	6659
6619	3636
9286	895
158	2248
6913	5702
8924	3016
977	430
2781	4092
6155	9252
1676	57
4862	6449
2369	5651
3476	3635
4831	3865
2974	4388
3530	5385
7138	9906
2563	855
6622	2210
2069	1502
5926	2999
5226	3511
6169	3817
8106	1375
335	1035
4734	6185
455	4647
6600	7891
8686	7138
1750	1866
6600	7257
266	7936
1732	2568
2961	4362
7092	3135
9360	7575
8742	4222
9017	866
6274	7642
322	323
7390	9348
954	8915
1921	3225
991	1835
1870	985
6190	4129
6578	3649
7381	3537
8895	833
2371	3496
3032	4462
52	6985
60	0
7138	8686
3797	452
6423	3591
5033	5032
2794	1767
9393	9757
1397	7753
1397	6501
3488	2367
4272	8659
5768	1936
7175	5752
4924	5779
318	9825
9195	9224
4858	3413
5028	7565
2557	1465
6913	5760
913	539
2271	255
1732	2718
350	9610
9938	9505
3847	5521
647	7644
4266	8205
4679	2755
2490	2488
9230	733
3909	5891
9862	1523
6596	3566
1420	8229
3758	3756
1004	8528
1177	8424
6548	6065
7660	6294
4877	3030
6404	3400
2209	2269
4753	2177
4356	8545
370	371
1945	4264
6360	4437
573	572
248	1108
2266	9934
9150	3727
6166	4312
7091	8678
934	2378
7087	3681
7938	3887
1756	928
1505	967
7480	9718
5771	4210
4548	651
9426	9424
2425	4754
1286	9994
5751	7173
2921	93
3806	8593
9624	4920
9509	1186
4101	6782
8877	6383
7775	8661
3726	7666
1378	0
3362	2317
150	2502
1921	1280
1696	2560
4323	2944
3390	4826
4017	2749
3093	9091
2138	2878
1910	93
4660	3172
3903	5503
6065	9030
8778	9041
5276	6858
4	9517
4922	5734
9622	9333
6516	6517
3524	4852
2503	290
1888	1756
1166	4252
4255	6019
6486	8174
541	6712
6035	6036
7722	3769
4696	5258
2428	1333
3322	4773
459	7565
7021	3861
611	9669
7754	2277
4269	4119
3627	4284
1174	1571
7485	3387
5698	7789
9487	1183
5672	1359
2996	4429
7893	6974
4884	1191
4680	5716
9686	3513
3438	6674
4791	4784
2367	2962
8410	3830
4894	4310
6690	1856
206	5546
1268	9829
3643	1954
5338	2348
7417	2865
3625	5012
2116	8343
893	3512
7974	9467
8088	63
8970	8516
1696	6646
1499	8825
3688	7391
8088	8803
9488	1593
1460	9682
5447	6978
748	750
9602	9321
3416	9830
1767	1925
6657	1126
2359	7215
7093	8267
2999	5926
5290	8745
3557	6853
8189	5960
2343	1944
86	1355
9322	9602
51	2473
8031	8784
4668	4936
4508	9472
3740	3968
6326	7691
5052	3546
54	9150
170	2504
541	6706
9720	9724
7329	628
5020	6595
611	2463
9406	4312
2445	1293
4258	2921
2912	5326
4730	4745
42	7256
7716	655
2365	6598
6281	2413
6213	7558
2775	4075
8229	1420
3094	5466
6473	9084
6324	2941
1125	1784
4806	4812
1449	663
1503	255
9676	1221
1456	682
7217	71
4947	7950
2003	1912
2170	2792
1260	1911
6087	469
5329	2223
6489	5414
986	7499
1899	7716
225	2375
1348	4272
8132	8810
7653	8582
3868	6159
3878	2370
5682	403
2847	2848
2968	3042
1268	3095
6617	8916
8579	1435
8814	7003
3089	1113
2116	9016
3963	509
1732	8111
2229	4378
114	7851
6239	3066
1485	764
2415	701
3492	5785
9673	7313
6180	6959
1962	255
1733	5855
7375	9476
8756	9025
1715	5081
5186	9954
1944	6058
9265	9266
4466	231
4269	4396
1358	135
3067	4522
9719	6674
1626	9656
618	4258
6909	4541
3768	168
7802	7482
4663	6262
4340	1015
1503	940
3521	8613
1663	6970
9102	925
5966	3920
3492	5811
1581	9880
3654	3627
3534	5010
6150	4459
6999	4626
6617	3637
5948	1612
9760	3571
928	1756
7996	7396
9895	1306
6920	4024
4816	4174
8759	7970
7203	6293
6028	7282
1531	9865
3241	5882
638	7418
774	1116
3770	5922
4823	6350
5819	2481
5273	4824
1172	1571
7067	7416
5103	3592
3043	3828
6324	2475
3747	5311
5293	2451
652	1921
1497	9009
5661	936
3387	4435
7680	2217
1130	846
6113	8870
312	9550
3888	722
6012	7347
774	4051
3066	2264
8925	1487
9603	255
7429	6091
4204	4165
6797	6791
6598	470
625	4304
5987	996
1192	9572
3122	4935
6165	4934
6381	9909
5740	2254
7433	2401
9159	9121
4346	2240
4070	1130
2324	1185
2464	3737
3418	6308
4155	9631
2297	3318
6167	4498
6199	2809
6383	1932
2186	7620
9820	9437
4277	2935
385	9617
98	3924
1732	2669
686	4702
1705	2478
7924	1547
9737	871
2880	8251
3939	488
4211	5945
8034	7829
4439	6142
4853	4855
5631	912
8074	889
7138	983
8837	7220
6478	3584
3964	4222
1429	8546
5028	7372
3657	1612
1732	2711
3741	5298
4908	4907
502	9649
898	6583
6196	6762
5938	4681
3903	5502
3627	492
4315	2944
3813	457
4483	844
1624	2514
1426	4101
5607	4039
484	429
4816	8219
2382	6688
9436	9819
6680	6600
1618	9900
9280	237
7156	5726
81	2324
8630	5835
4538	3070
5208	8779
1732	2174
5454	6972
5203	6780
6423	4906
1701	1553
2906	3964
8035	8787
6868	5288
7472	8467
3498	6187
9726	1900
5311	3747
6639	7907
6913	7057
2530	8170
7220	9372
1879	4704
2230	6920
5440	5439
7907	8724
8607	7716
1732	2610
5854	969
7702	8594
913	2102
1068	5315
1893	6306
1912	1986
1694	1882
8720	7907
4081	2429
5337	9581
9126	6895
3906	7879
3597	3598
9924	5389
8809	6751
8768	9033
3903	2559
1696	1528
7758	2745
2113	1378
1920	2008
145	717
9571	8516
1574	7568
6869	5288
4498	6167
6548	7450
4821	4820
7640	647
1474	9856
581	9658
4679	6271
843	8525
3963	510
4749	2328
1367	1009
6330	1248
8306	8905
6909	4539
4436	6575
8867	2481
5936	333
4459	6150
6283	647
7018	5488
4273	9440
9349	9899
1732	4887
8385	4106
1649	9810
968	2616
6075	5332
94	6670
5308	4138
8246	8561
5028	2965
1961	1496
1050	9094
312	255
541	6705
224	4335
1527	1696
2278	4138
5372	3771
1918	9156
9365	9688
9643	7803
9474	6278
3529	6767
1775	255
2342	8089
2880	5856
1732	2582
1912	2007
1381	316
8155	2518
7033	8208
6213	7557
2915	746
1595	9002
3627	5158
1658	1741
4704	6300
1456	683
7882	3972
5608	1153
4818	4819
1368	258
4249	5012
4399	6095
3212	847
9822	6293
9084	5602
8921	8569
6158	6182
5047	5167
2297	1967
3891	2423
4859	5820
8132	8811
4965	4325
8655	3085
7356	8402
6869	2083
2323	1922
108	2403
2650	3396
948	5718
8328	7215
7003	2205
3903	4781
7879	2977
6182	4065
2067	2550
2882	2481
5071	9813
9380	9939
4612	4618
5317	6898
4238	4237
1485	763
1166	9417
3492	5786
1143	3343
7068	3980
9237	1720
2345	6554
5594	7972
9123	6700
6099	4399
81	0
3650	2962
114	7665
6627	5065
8392	1713
9981	9369
4274	1524
5647	2412
7138	9904
9961	8145
6383	470
3558	5714
1478	1480
3093	3094
2793	4104
1503	943
3842	995
1750	1864
1517	255
6189	9707
1732	2570
1166	6197
7028	9844
6617	3636
9819	7203
1131	1094
5834	8433
2072	2587
6773	7997
1921	2031
6253	6662
2478	9260
5998	7258
6793	7130
5608	4064
2346	4388
2832	2180
3584	6478
2756	183
5124	6691
8171	8376
6834	8779
6794	6294
4251	6375
5813	5814
7731	6371
2385	844
7036	2762
3051	4494
3899	4644
1903	9934
1949	9364
1203	2494
8493	3947
2138	2904
2141	8924
1842	2179
1921	3304
3561	5259
4246	615
9594	1200
3031	343
3628	8756
3438	4755
2083	5591
64	6029
6587	6567
2557	3917
1358	9186
669	5573
177	7951
9096	1177
6486	7818
6871	989
1961	255
7610	464
1192	9573
4312	6047
9623	6207
6891	8080
120	5022
5536	6156
9304	9462
2815	6880
1096	9210
4910	6588
4177	6475
2744	2386
1556	5251
7208	8324
4724	4287
2106	3768
3603	347
7317	4399
4859	6533
5543	3804
6196	1807
8837	9971
7382	6484
7782	7784
1843	1746
9951	1331
6891	9917
7524	6189
1354	3520
7576	2235
3316	6907
4436	6133
9204	9240
7936	557
4200	7583
8376	8621
4473	225
5003	3534
2933	2214
6844	8039
6186	662
9338	6419
6380	8142
1334	1396
3051	4491
883	8637
3473	1152
5723	952
1142	7144
6620	7909
5676	7124
6894	465
2283	4963
4741	3255
7205	5824
7134	5694
1119	9268
8029	4399
3771	5373
6265	4670
4236	6638
2920	222
2335	3406
5414	8898
388	1398
7552	7548
3602	6647
1899	9598
1378	2111
2147	2743
4280	620
1962	3891
9045	2952
8785	8031
1937	9749
7756	7755
8168	8141
9872	1555
5357	7167
9912	9495
1888	1647
6754	2430
9188	3531
1647	3957
3471	4926
9938	7726
226	2922
5032	5033
541	6700
738	742
8712	7867
3920	2162
6278	7076
794	887
104	8896
7067	8243
5124	1738
1411	2473
4957	6542
6612	4676
318	248
5251	6821
2171	2743
6614	7898
4705	1571
597	1604
8390	792
2768	7969
8365	1407
3531	9188
3124	7702
7812	7397
8782	1360
3175	8677
4693	6680
8049	9549
22	2133
173	9562
1445	237
5142	9565
8136	47
6648	8745
6398	5964
7668	3180
50	2948
8867	3240
6372	6371
81	2842
6226	4597
2237	3066
6074	5615
1131	3454
77	2350
832	817
7648	6278
1921	3239
9017	6887
843	8524
3591	5111
6244	4448
5570	2441
6452	7480
9356	9664
8946	8397
2840	5622
6358	7723
2259	8381
1751	9724
1623	9643
4728	8307
4986	6562
1301	6793
3750	753
5095	5097
5659	6336
1817	9917
5550	7044
8599	1443
6223	2770
6886	7194
512	6445
3544	5043
9648	475
8997	8636
3964	530
4332	224
1950	7170
4459	3735
5224	4722
1381	315
2097	13
4933	6775
9881	2313
1916	7059
2447	7053
3092	4566
1949	1596
4632	6459
2859	4182
6369	594
2259	3158
4704	6301
1652	1720
37	39
7930	1164
9746	5970
7388	9158
2431	3666
2464	3736
9779	2446
5662	1030
7636	7123
8434	7007
3241	1093
2758	2757
3548	6859
7049	8192
9164	9129
358	9611
6651	6673
2935	4215
3910	7010
3210	493
539	6646
851	9556
3976	2313
3604	7145
7767	6420
161	2511
2944	4322
3036	3326
4402	6104
9478	339
1485	762
2773	3912
3698	6973
6587	3580
4402	3735
6645	4730
3037	4755
556	1908
3425	7526
5492	4171
7036	8165
7138	9905
637	2503
4919	6507
2841	3974
8400	7351
6603	9482
6473	4885
840	2526
3400	1914
6555	6551
1503	942
1899	6254
4764	9498
1904	2765
3526	3888
2512	1413
9895	6668
4699	4697
6323	7684
7278	7276
6573	6567
2925	985
1343	4638
409	1942
423	5833
6620	5884
2072	2588
6773	7996
8307	4728
1355	90
4252	1166
8448	553
199	2134
1672	247
8079	6891
9470	9466
2412	3582
1471	1667
5714	4680
2994	4424
1142	2452
2936	2216
2854	2184
882	8634
4990	2379
199	2821
3326	5959
1369	264
8294	4647
9043	6643
5781	1307
9392	9757
9308	9559
7460	5710
877	8604
1426	833
6062	7380
6183	7510
3582	2412
6392	7334
721	736
5981	4245
8553	670
6647	539
5976	4511
4689	2408
3715	3843
3117	8895
2187	9284
1426	2754
1237	7202
470	6598
9482	6604
5607	862
3214	4644
7192	5103
4769	2250
4848	5740
440	1413
8014	2818
6103	6954
3797	451
1498	8738
2167	2778
5654	492
7982	9609
6704	7960
3199	255
6546	6486
1732	2671
2990	3602
7721	8611
959	5763
2200	6230
4420	1578
5744	2328
7738	4859
1501	4751
712	5961
5649	1739
4730	73
6060	4344
4803	4880
3810	261
1761	3339
3051	4490
883	8636
1696	8527
5845	7227
9567	188
4410	6118
4647	7151
7352	7922
3134	4701
2493	1355
6986	6511
6453	7231
1357	255
3029	4454
1598	9887
5229	1962
1433	4836
928	1370
9084	6473
6573	7638
4138	5841
3741	9046
945	5699
6790	6797
7476	5704
5306	7494
2946	3931
446	2796
2509	7649
1794	7669
2838	7036
7716	4624
1057	7445
2873	4043
1703	6957
4092	2082
1004	4831
2220	2313
5932	1872
6380	3014
418	1600
3964	527
9807	6474
599	1192
8241	9392
907	8697
1882	5529
1732	2620
1912	1981
4740	7208
4611	4612
9143	5021
2055	5075
7752	5277
498	1416
637	1496
1972	5424
3492	2876
1243	4914
8920	955
7485	8487
7397	8426
8014	2820
2427	2394
409	9103
1897	4456
6219	4870
1657	599
7974	9470
8895	3117
6376	6375
7464	4390
9582	273
3190	8855
6278	6280
1878	5074
1299	1630
8480	6039
8418	8986
1131	71
8035	6754
3002	4433
6756	7983
3502	3494
954	2504
6782	8007
1764	800
8321	8322
7188	7549
4152	7869
3689	5492
2375	4389
5987	5988
5603	5065
4181	2859
2836	2834
8461	9835
821	3767
1906	9184
1661	9075
2744	473
7033	6556
2532	8875
5251	6829
2251	6288
7405	6075
2547	6406
3845	9425
7358	1224
1325	9937
6913	2451
107	9358
4033	5717
861	4285
5277	3731
3241	2880
1732	2576
1358	2191
1696	1514
1771	4955
7231	6453
1743	1200
7775	491
3903	5493
4294	2941
7784	8673
3609	600
11	2083
4704	6302
9030	6065
5028	5027
638	4823
3432	9286
4392	1538
5595	1216
597	7917
6888	8614
541	2468
8204	1385
7780	746
8380	8938
5704	4823
6653	6270
4060	8310
5085	5868
1104	9216
4536	8614
8630	3641
5930	2368
5565	7054
3591	8887
9572	5130
3660	2427
9962	1862
2361	3878
3092	9728
1696	1525
2944	4323
963	5779
2895	8920
2062	81
4637	6258
1743	274
5694	3070
9085	8416
2413	2728
3144	4636
3664	5196
7281	3013
1449	2784
6589	3009
592	662
2056	2172
2019	3573
4204	5918
6538	7987
8722	7907
1228	1227
1912	2004
2971	351
2339	8770
3747	2226
5841	255
7204	8017
3535	8841
3534	5009
8765	6375
3883	4040
6756	3524
6570	6565
3854	472
7465	7749
3735	6106
2072	2589
6680	4693
468	7704
6319	7676
66	1346
3553	4775
6805	273
4782	6411
249	2480
7950	4947
4565	9820
2577	7745
2994	4425
638	7417
1142	2453
7184	5777
119	5588
861	6451
1811	2128
2149	5265
8852	1505
3771	7591
7325	7564
887	4707
2444	5603
6482	5859
7973	4997
9623	5386
429	484
600	629
3445	2352
9181	9163
928	839
8727	7907
7115	5671
4661	876
4542	4050
45	7253
1116	1907
4080	5680
3629	610
7180	3449
3747	450
9773	4273
7887	845
5105	8566
2180	7618
4298	2941
542	0
6440	9761
3405	4156
7452	3152
1944	2859
5818	5857
2943	5551
4919	1235
5124	6692
2217	2953
3626	173
199	2826
2473	1163
3913	479
5747	9111
2783	4095
1127	5838
1449	1909
6655	1125
1858	1645
5529	1882
8754	1405
2067	1420
8950	8428
1968	1358
3963	514
899	817
4012	5672
6724	5130
2062	856
68	9546
7465	255
3888	5956
3111	4402
5440	7070
9664	1219
1305	9879
4563	4050
9079	8892
6091	7427
7138	3338
4410	6119
949	5718
1758	9110
3771	5375
9094	1050
2568	3482
3610	1426
5847	1116
3903	5499
6144	7711
9440	9444
8377	5295
8440	3826
7161	5734
8050	6862
7098	4291
8537	7559
6323	175
4050	4563
8484	7489
5718	949
1175	9441
6086	6903
6267	4349
6229	6620
8348	8914
1155	1154
9885	9886
7481	8485
4823	3933
541	6698
5205	2313
93	1924
4070	954
1369	5686
1892	1759
865	5299
3475	550
721	5952
4939	8602
4938	6520
5266	5833
5671	7743
5344	3760
7232	6453
5630	918
1188	9537
107	2163
9912	9490
6400	4768
71	0
8849	1484
1627	1628
705	255
6244	2218
1387	9444
206	4179
774	2721
4730	2217
786	5104
834	2264
2792	2170
3110	4581
7129	2362
2959	6871
8742	4227
7974	9471
7758	8652
6790	6793
5625	5633
3190	1973
8614	3336
8681	6964
7008	9849
3700	158
3524	7440
1921	3237
1003	5841
752	8245
2117	840
2198	3194
1921	2030
4102	5716
3939	9860
8103	9830
6614	3631
3847	5444
6723	541
6757	2881
2203	2204
4320	4316
7993	1363
1732	5014
2420	3645
5301	3743
5073	3436
1667	1469
6145	6113
2420	3646
6277	6544
3349	951
924	1334
9007	3964
1978	6629
9150	196
224	869
8631	9901
3592	3619
111	1143
1244	9777
419	823
7754	793
6196	4330
8072	7543
5108	7556
4848	2125
4645	675
8490	6358
3572	2265
334	3404
9472	9273
5236	1634
1313	2113
4020	413
4268	7945
5851	8323
188	7280
111	4771
4733	6752
4289	6799
4148	590
6349	5170
6752	6750
7805	740
717	718
6544	6277
4969	7834
6614	6617
840	2348
370	8719
7764	7092
1095	6162
7472	7518
5426	6962
2254	3118
2768	192
9152	753
8204	1386
8108	7505
2292	8878
7289	5943
8845	7990
4750	700
5253	1835
5777	7184
3520	1361
2961	6988
3172	2271
2943	3199
5614	4125
4188	4206
2067	2555
5406	3832
8631	7577
2858	209
2915	5141
6309	7865
2413	2727
1732	4982
5813	6113
6889	1170
3817	6169
7356	8403
3205	4487
3456	2905
8162	7805
2748	4014
2530	8015
2431	0
2186	1835
1682	1413
5259	3561
8155	8819
1732	4795
718	1473
5033	5035
3771	3746
372	849
8878	8875
1323	9835
9111	3196
1797	2094
3844	2508
417	7751
328	1382
871	1493
4626	6999
6323	7686
1732	5608
5971	2768
8615	3355
1732	2692
5036	5032
8486	9747
7076	6278
3822	6206
5243	9126
3774	5878
8808	5310
5450	6896
734	2503
3507	3506
1494	7601
1630	424
2090	372
1828	5752
1924	255
7743	8625
8631	7325
2324	6424
4823	6184
6357	1389
1771	1953
1397	5323
5288	5616
5369	758
6905	7505
4534	3069
8944	9099
5599	3965
4436	6137
3641	3999
1160	5929
5662	67
9560	4026
891	7612
1732	2618
856	8573
8623	7743
1115	72
7114	734
2263	3131
6544	6559
4595	891
4875	8736
3913	478
6292	3728
641	5112
4558	1456
3688	3381
7151	4648
843	1943
6483	7824
7340	7327
7591	6853
1189	352
3051	4492
4853	4851
1679	77
9140	7989
4263	5253
3326	3036
7772	5326
5087	6114
7187	1724
4691	5310
1876	9965
9735	6144
5499	3903
6028	8851
1732	2636
6371	6372
966	2995
6511	9141
1498	5665
5390	3800
2875	4198
2113	7976
681	7582
1911	1260
8542	1108
1256	1262
656	4545
6230	2200
7379	3773
9052	1507
3885	3328
7498	6173
4864	3767
1009	887
4851	4853
2148	2158
7753	1397
5671	7118
1331	9716
1732	2170
1175	9440
5734	7160
1187	8516
3849	122
993	5976
4823	3932
218	4275
1612	1270
7390	4764
5373	8130
6959	6180
3649	7549
9274	9472
410	3195
9622	2158
99	415
9954	3085
9340	7924
335	1031
3492	5810
7397	5729
1945	1378
1912	1983
5891	3909
6910	2764
3815	3887
1166	9420
3135	4608
1104	6467
7457	8452
1178	5589
9611	358
7008	255
7854	7459
1188	9538
1967	2363
5015	6590
676	675
2853	4176
6581	6585
1863	9963
1166	9421
4902	4408
6727	1137
8041	6744
6508	1193
9295	4655
8513	3609
3937	4823
1732	3485
9661	585
1491	548
4548	891
9931	1719
1807	1960
2804	6739
2464	5187
1844	1659
7416	8435
9417	1166
9274	1560
8430	7411
6594	6856
4831	2917
733	9355
2767	5971
3947	2917
5737	4134
1204	7022
1592	3950
8360	2323
7740	8916
3693	6423
3648	5813
6275	2374
2044	850
8990	4931
8072	7497
4637	6252
6795	4534
5448	6983
9810	6474
7033	5436
5308	4300
620	4280
8780	4388
582	684
5161	3628
2719	2721
6913	6871
6608	3358
3400	4394
5176	6319
2738	2461
3069	761
1244	9778
2906	1924
312	5221
1420	9842
936	5661
199	255
4519	6249
3796	2170
4005	4006
1732	2578
8239	8873
2222	9062
5752	7176
4655	238
7165	8299
7546	4300
4486	4488
9286	1693
5974	2518
2259	3163
7080	5693
4217	3433
2111	1378
8072	8086
751	5966
5421	6955
5418	2115
1797	40
37	36
3425	7766
3801	692
1014	255
6851	482
3760	5347
3675	153
5483	5530
3387	324
3418	4874
1478	8212
2069	4211
2456	3722
4484	3049
6358	7724
5717	7147
7195	2451
7431	8156
1922	2051
2915	3609
5970	9746
4688	3190
1224	1665
644	9677
9799	3797
107	6462
1418	4968
2446	5938
6454	7091
3769	5089
1524	1044
4761	7921
4085	2055
6974	2894
1112	9786
3802	1918
1517	1908
260	327
753	3750
8155	8818
3919	3317
9998	9999
3802	5392
5321	4984
6359	4909
2742	4000
6294	7661
8707	7852
1750	1868
1797	2093
6671	7942
2842	81
5420	872
2487	3192
3514	5329
951	8913
5136	8841
8866	7701
1912	1996
1356	7932
6683	8985
409	1947
2083	4092
3740	2531
5294	6875
3963	520
4946	8085
4340	7765
4104	2793
6398	6401
3139	4108
9590	286
5133	6727
8099	7028
3967	3674
556	1782
1745	1840
2362	7269
5603	5693
4872	6461
3534	5005
4270	3444
6413	3859
1631	5236
5555	3923
153	3678
1478	756
2209	7934
199	2822
5129	2788
7464	3141
3884	5603
237	4289
1921	3308
8233	7053
8876	787
5857	5856
6757	2871
1632	1631
6230	2201
8106	6905
4901	4910
1230	1594
7193	8801
9096	9148
3516	4039
4208	6661
4190	605
4810	6642
4823	3130
347	6673
3968	8200
3837	2394
5170	6766
4645	8275
1510	5622
5028	255
4433	1422
1068	5076
5335	5258
9912	3675
2386	5042
2448	3513
1732	2666
8267	8266
7436	7355
3833	5266
198	3772
4647	8294
3175	4664
617	2359
225	4338
1808	3573
7014	7973
7382	1608
6214	7561
4675	681
2249	6356
8043	9245
3416	5303
3051	4495
606	1430
5659	3673
9017	7939
354	6485
5841	7223
3029	4451
7273	5885
6783	1144
2189	1524
8742	8670
6319	5176
4385	1474
5360	5190
6846	4762
1637	1317
7351	1771
6206	8881
6573	9325
2173	2811
8460	3783
6649	7927
7876	4189
3998	7517
6395	8106
9112	1977
1495	8224
6736	5561
1764	9515
992	5976
2802	3107
5250	3702
3155	9530
3707	6768
6114	1219
4129	7371
1413	9353
4823	3935
6730	5133
2411	9513
5370	1442
2938	1455
6224	4591
2798	4110
5104	786
8844	1832
8536	7559
5704	7141
4269	4113
1324	3798
6065	7385
9762	6814
2282	2280
7922	7352
1896	9973
2996	4427
1721	7194
1188	9539
5050	3181
4916	3962
8046	7057
4770	9139
9750	900
4145	5770
7623	7545
7666	8297
1374	3769
3511	71
5243	314
8693	5531
9821	1229
1411	3553
1183	1105
1743	1821
4635	6248
2345	2887
103	4064
3153	777
4138	5308
8183	8181
4596	5286
2942	4301
7008	9851
1442	6291
6302	4704
6059	8766
928	3352
401	6214
428	3715
6316	1480
1109	1537
7936	5395
8226	2324
9767	1635
7998	7996
2113	3856
6821	5251
9979	1297
5167	8886
4297	2446
8991	6620
9302	1296
5841	7221
8892	5263
1010	8188
4108	5725
5488	4997
2719	2720
9301	4012
637	7398
3499	4967
5151	3208
7012	3845
6571	7874
749	4973
3105	2249
7702	7701
4796	1081
9757	9394
605	4190
312	5222
5028	1412
1426	580
8203	2944
1416	498
4645	673
5448	7950
2324	8246
4489	4650
3080	3341
548	1491
3067	4527
9426	9262
4446	5386
4434	3002
9384	1152
199	4167
7594	6990
9304	8568
3841	1820
9440	1175
8719	371
6219	642
3760	5348
2472	3755
1331	9188
2456	3723
849	8539
6372	4042
7623	6261
4910	4901
4823	9500
5102	3156
6981	1783
3793	5551
8313	7191
1883	6176
2056	2807
4124	4203
7151	1094
8219	744
1749	5105
8357	1406
468	7703
2183	3520
95	8967
7505	1376
2198	8115
95	9108
4141	587
6733	6144
459	9627
3763	6546
7637	7636
4365	6695
5822	5823
1358	137
2345	2810
1921	3264
6229	5886
3522	5849
2426	0
8546	5976
6320	4891
3919	5553
5497	9290
7554	8043
3413	4858
4719	2417
2467	143
2283	2282
146	2488
3133	6243
61	2436
8618	8617
1921	2018
1857	5848
4278	2935
5631	2190
3520	2183
5997	997
3972	2696
3760	7629
8982	821
2210	1870
6871	8066
8134	47
7578	5893
9042	8786
459	6328
4925	3471
2860	7369
1413	441
7275	7278
3620	339
3189	4507
9760	3001
1902	2289
7587	7263
7743	2488
7351	8399
5998	6066
8077	6887
2770	194
9130	9171
4860	3414
4251	4551
6512	4928
6356	2249
3841	5417
6280	6278
3113	4585
9482	6603
8596	7702
3768	2106
9118	7804
349	9608
4249	4159
6719	7968
2725	178
4938	3195
8515	841
8377	910
5929	8658
1494	906
3557	8918
4590	6222
9246	9206
6233	7330
9792	9423
985	2445
2921	4258
6360	6849
1793	2080
8771	3889
1524	1038
4313	6049
1361	882
1711	2348
2083	10
225	4337
2976	4391
3963	519
935	6113
3512	1493
7217	5742
7371	4129
9295	9220
1371	3104
6091	7428
1220	4467
2442	3996
1209	4281
4248	2264
8781	9140
2113	1315
1737	9935
2508	3844
6249	5413
7269	1245
6826	5251
2403	5377
3324	1661
5587	5586
1263	5240
5450	614
8235	7053
3774	8251
6054	6055
6136	2920
2183	8615
1493	894
1732	4921
9514	1597
3832	4330
236	2979
7182	5174
837	651
2961	4355
7677	8298
68	6372
3841	9586
8490	1326
5076	1068
7325	1793
2801	6244
5032	5038
5657	5543
5425	3498
3093	4383
6048	7365
8863	8832
952	5723
3810	5286
6614	728
1937	6282
3465	2357
1371	231
3903	7845
816	6466
2745	182
6685	3629
221	4312
314	5244
1088	1548
1882	1694
2066	2546
6349	4059
247	2201
2323	8360
7146	8296
1368	5544
2078	9
1131	1907
8220	6493
3525	2860
2644	3393
6940	9282
2265	3572
175	6323
7008	9852
9557	5598
1750	6617
9637	2469
2374	3613
4949	7766
6334	6327
6009	7341
9240	9612
385	9616
7254	7255
549	5430
4637	6250
9560	5325
2365	24
2487	3500
2208	2209
3963	526
1484	1837
9563	1124
6414	3607
7008	1762
5611	4426
6195	7632
4448	7693
6871	8064
1537	147
1209	8212
351	5433
2920	4849
7357	6315
8428	8950
312	5223
4871	8562
4330	4194
3603	5128
6245	9257
5362	9080
4730	74
5867	7252
1732	2723
3561	4082
1238	0
9820	2750
8022	1364
3067	4526
1486	6092
2258	3704
4742	3255
5581	2483
2519	60
8376	6736
5009	7437
7571	6219
5827	5829
3769	7359
694	4731
9082	8896
7852	6432
849	8538
3963	4220
3631	8916
6754	8308
2741	2314
1019	6115
1179	9459
1724	6861
7690	2784
2865	3969
597	7918
1702	1732
691	1458
3067	6913
556	312
4613	3135
1687	2785
461	3829
2920	1965
6914	8136
7666	8133
7907	8722
4310	221
6006	1855
8353	8354
4146	5773
2025	2510
2522	2043
6274	3898
4365	6694
7263	6853
3546	5054
6925	8157
2152	1200
4874	3913
3716	160
2943	2962
7743	8623
6206	6896
6083	6056
1922	3365
3940	5997
3093	4792
6292	8919
4879	6315
9912	9489
2324	6210
63	8088
6768	3707
1733	1781
3255	705
7978	5847
5105	8987
475	9696
244	3020
5472	884
6318	5107
3963	516
4406	7586
2172	2962
3508	3502
603	4172
4399	9439
316	5134
2021	1921
8764	1671
1127	9335
3415	338
1852	2193
8018	9641
3546	5053
7659	6749
4156	3405
460	6076
3134	3961
2434	1968
1600	81
8494	7493
4046	9113
7090	2350
1121	8836
985	1767
7172	9367
9037	8775
6505	4919
7573	6219
2381	2383
17	2847
7349	773
3747	1373
4915	3543
7079	1876
6719	541
2906	3902
3055	6496
5328	6908
3416	4865
4389	1305
4076	4075
1889	6497
5695	2345
9282	6940
1711	8800
449	1265
2419	1720
5454	7002
8521	7546
5170	6764
8085	4946
6144	6733
4346	6064
8179	8848
6901	5322
3844	471
2921	4257
9701	722
811	9084
7320	4482
5659	4127
418	2535
6360	5753
6600	6680
225	4336
6148	4456
1934	3847
3197	8609
314	9604
1732	2714
2411	3577
4139	9740
1637	8515
6660	6705
6358	5850
6452	2471
419	1705
2309	833
3116	4086
4877	9464
1732	9361
1898	7765
3416	6255
6308	8173
698	887
7332	5985
3903	5505
6069	5081
2735	6518
6114	1208
6202	2819
6783	1146
9336	1569
867	840
301	9624
1131	1922
1177	9275
3178	3643
4232	2855
1903	6244
844	4124
851	9555
2233	7920
2748	2489
1493	893
8728	7907
3208	5151
2357	3463
3541	4081
8592	3457
4395	8857
9828	6001
9991	1975
7935	8740
1278	1803
9544	3646
3476	6004
2805	200
3410	7194
7892	6600
8	2078
7276	4671
3949	199
9460	3443
650	5276
5230	1835
9774	28
8196	3529
8417	8407
1367	253
5492	4376
951	3349
8240	8869
3903	7844
5294	6874
4823	3691
410	743
221	4311
960	5765
3903	5485
7210	2347
3952	9234
3625	237
4690	2925
7598	8557
7896	6611
5953	988
3349	1851
2259	6375
847	6090
3521	882
668	9998
8825	8040
5035	5038
6594	6855
1857	6955
6489	255
2312	833
743	7301
1807	2123
9458	581
2113	2119
2943	4382
6106	4402
5592	5284
1270	1612
3108	278
6194	3079
9964	8626
3086	255
7356	2493
876	6403
1400	1661
4210	152
1384	8204
5073	9185
850	3328
6187	1972
1705	8033
6567	6572
7973	964
5243	7514
2362	1226
3967	4214
7219	7539
2092	698
131	3914
3940	4836
5224	1267
1109	8036
5170	7624
6804	6809
6788	6374
1426	578
599	3030
8131	1591
2759	1959
913	5237
6039	8480
5739	3535
5500	5576
6245	9256
6012	5617
1696	1519
317	1706
4070	7715
3326	255
7194	6886
8360	774
5164	3791
4266	542
7172	9961
3522	2044
901	8684
9136	7330
3847	2962
2116	8334
9799	3543
9954	2734
7442	7452
6409	7762
6996	8822
8551	8979
7793	925
8949	8419
635	6988
3741	4812
4617	3135
1888	1411
4269	4267
6112	8379
3526	4992
9746	9388
3963	4223
3459	2357
599	4390
2281	3233
2814	4052
6195	5678
1964	6789
9359	2246
833	4595
4416	4412
3098	3093
2926	426
6945	6998
7445	1057
1524	255
2283	6624
9640	3646
2469	6614
8516	9571
3747	7389
2802	351
3152	1678
5433	8349
2427	8379
6914	8137
2049	2088
8986	427
869	224
5303	3082
2402	1607
4365	6693
5237	4030
7971	1296
4818	6428
7431	6385
6890	5303
3519	3875
1	4862
3610	5396
2346	1041
5294	5292
5614	2451
1061	4460
1224	4698
6356	7717
8072	8292
647	628
1944	902
4938	2298
1732	2673
7585	7588
6605	1122
9864	1531
1646	3627
1732	2688
1609	1115
5774	7447
5616	5288
3727	54
9817	1218
1921	2016
6814	5243
2092	0
6674	3438
4050	6777
1499	4634
7950	4948
3019	243
73	4730
3953	2530
4251	7669
3255	4732
9226	9325
9167	9129
1921	7919
5719	7154
8919	6292
7390	1714
3067	4525
6955	5421
8289	3896
3183	983
4710	1916
1743	7937
7138	7995
7350	9983
9884	3614
2180	9980
7915	2440
4957	947
2110	4971
7073	7461
1939	1438
8803	8088
851	2175
6455	6145
3492	5797
1395	1658
6219	8917
4813	3589
1756	3437
8740	7935
2773	4071
5617	6012
3093	8179
3087	7094
1369	8683
6913	8124
3748	8823
3919	5552
7457	8459
1565	9307
6134	4436
5170	6765
2365	914
2152	8588
9971	8837
8867	9067
5934	4207
8917	6219
188	4255
4439	3050
9075	5683
1696	9837
8708	7852
6264	7084
1732	2645
3903	5572
1509	9027
6940	7867
2184	5729
3774	6620
7134	6333
9860	3939
2419	7597
2411	3576
170	255
6812	5414
7296	6871
7325	2781
3695	9631
6619	4106
6363	9422
9640	40
2330	1937
3673	5207
6091	7430
9085	4211
4488	4650
5550	9804
3641	5835
8812	8132
4137	8860
6782	5366
9637	8899
8873	8239
5202	6778
5055	6615
7727	4329
1221	3222
3795	4885
4172	603
9402	9760
8490	4845
8300	7165
2147	5597
6198	5066
6371	6373
8768	9032
1892	3635
2133	22
1493	892
5248	7770
8249	8884
9339	9637
4884	1008
6369	6897
9566	3222
6668	868
6206	703
1935	4851
6925	2547
1239	1599
4497	2652
9549	3587
8110	6906
2945	8825
5132	1085
3377	3379
5252	9001
6039	8479
6833	8779
6356	1409
2926	877
1912	1987
1512	1693
9171	9130
8093	8095
9191	1095
2161	2772
2419	9741
1655	1723
7937	5536
2241	6293
9472	7800
2500	7451
4965	4313
3757	2472
5183	3650
2475	2348
1512	9860
5979	2487
8297	6011
4838	6058
6323	7687
2500	4877
5034	5038
2116	8344
1184	6686
3466	4637
4249	913
2426	3261
6906	8110
5362	1184
7947	255
8183	8182
1944	2860
4054	2297
4342	4341
6909	9389
3513	9686
6823	5251
6473	6043
9212	9329
8614	8993
5415	6945
3377	2324
1776	1974
8417	7059
6674	7945
3847	5443
1732	4836
8072	7501
7986	1001
1579	1378
8062	6871
5572	5576
1499	7174
2390	8132
1656	3203
7230	1882
6976	5447
9295	6419
7102	4645
2267	3176
5210	3675
8625	8624
2472	9103
2977	5656
6567	6575
4965	6669
2524	3879
9007	3963
5830	7821
2240	78
5841	1003
5953	721
7743	8629
3541	8850
312	5225
1426	579
3956	3094
3640	402
6190	6177
3512	1730
716	8010
1786	1324
925	7793
2487	5979
593	4161
4210	6209
7394	4699
2343	1834
5729	5730
6381	2220
3771	5377
3525	9899
4842	4345
4458	5426
1095	3652
2427	3217
2879	5514
1739	1805
2983	2147
3732	8116
3534	255
7218	4536
1524	1036
4194	2915
1142	255
3760	5351
938	1503
3255	4744
1819	9958
2948	4419
1091	6173
2149	5320
8212	1478
2895	7894
254	1786
1116	7921
2525	3880
6554	1673
7389	7393
1548	7007
7031	5531
7408	6076
983	2136
3155	41
3098	3090
6798	95
99	100
4902	725
9309	9559
7238	8177
6914	8134
7118	5671
5857	5910
4440	4928
2748	4011
9829	1268
737	8147
3967	536
144	4377
1921	3494
7098	8270
8206	7013
3820	3193
1413	443
6717	5710
2446	4297
560	9656
2292	9071
6214	7560
6925	3190
9912	9491
6964	7480
6244	7599
3740	3794
8719	3562
6243	3133
1696	1518
7480	8022
6995	6154
1732	2689
5058	1732
712	7346
6381	7736
2165	1288
1131	2740
2961	4130
2400	3166
1921	2023
5703	4100
1732	3495
8237	7053
1243	9775
3912	5547
8602	5000
7950	4949
6917	6753
9007	9008
1727	8974
4056	1202
2198	876
2806	8006
3521	1361
8410	5288
8619	2459
3860	3973
843	3069
7105	5599
1732	3486
1921	3296
2277	3208
4706	4208
6653	1117
541	6285
4057	3146
3067	255
5976	7128
4908	732
4378	1857
9168	9129
6772	927
3692	4216
1921	3263
6891	3411
5535	2859
6838	1713
1194	5338
541	6720
1741	2140
7457	8458
8052	6866
932	8833
327	397
7462	2962
2445	9272
3657	548
1183	1664
1216	5595
155	3187
4304	625
3629	2355
5237	4029
3913	4874
4070	1357
4211	4284
1509	9026
9078	8888
8627	1447
5214	831
2476	2441
9746	9386
7007	6025
3416	5307
2113	2990
9549	2246
1696	8518
1958	5154
734	4849
215	1698
9342	5295
7063	7039
9534	385
2891	2888
3037	9653
833	4847
9643	1623
5339	6400
6866	565
8848	1483
3613	9031
7187	7186
7330	4712
2154	8844
5853	5251
2435	1968
1921	3276
8295	1612
839	2167
845	3366
5743	2918
7924	9340
2116	1334
9624	301
6736	3154
3769	2327
1275	1274
2286	3269
6783	1145
716	3472
773	8330
5423	7318
1008	9765
7179	5758
6042	7389
4312	8806
8486	3963
4259	6599
6469	3532
7975	255
4385	8752
6028	3541
2557	8295
291	6
7436	5306
9308	5976
8120	6913
2652	3963
1557	2464
8179	3093
4878	840
1732	2619
6010	7781
8969	990
6097	4399
3791	5164
7148	5717
5135	2805
3715	428
9260	2478
5096	2316
4059	6861
4101	6421
4608	3135
2880	5858
3353	1968
5129	2075
7904	6617
8767	1464
907	1693
3741	2144
271	1774
757	9710
1844	6860
6125	1022
2116	8345
3649	3196
6729	5133
176	5427
1017	6115
1166	6456
9009	531
3069	1737
6155	1084
2413	1957
3562	5234
4671	7276
9712	7358
8967	9108
7934	2209
2850	5094
5593	9124
3422	733
7745	2249
1053	2520
7398	8814
1317	1637
9921	107
2135	6070
849	372
2749	4022
5840	4265
9216	1104
1767	1693
4254	0
268	1369
407	7111
3459	7019
9665	1219
2872	213
1260	9789
4255	6015
7135	5695
1758	5979
3597	3357
1081	2104
2860	4185
6381	2229
5173	6409
5650	7100
9048	8808
3205	4886
1921	1292
3387	7485
7614	8568
9801	7564
2375	1773
3541	5039
541	5150
4081	5885
4635	3845
9886	9885
2357	3462
6990	7594
5471	3897
1199	228
7019	4194
752	7032
5630	922
975	5870
4745	6346
1890	1759
5558	6582
3034	4706
4175	5131
7299	5958
2113	2677
7186	6861
2427	3216
8770	9913
6031	4291
4733	255
6168	9130
913	8755
2042	1921
3741	4810
7665	5633
5717	2314
2367	3961
155	3683
2844	9478
8525	843
4060	6320
8006	2806
2735	3085
3605	2414
1751	3188
2834	9932
4626	6242
4787	4784
8877	4162
1767	2794
3942	1968
6744	5287
1311	2513
2862	4187
4649	3696
989	6871
1354	6260
6222	4590
5656	3745
9886	5660
3738	2963
6571	7871
2404	9713
5867	5923
3355	4807
4595	1494
6185	4734
5400	8030
2427	3173
3098	2363
6892	5307
1861	1750
2733	5065
7555	7553
9382	1152
1413	442
8854	8200
1587	1207
9912	9492
3492	2973
1732	2675
5734	2281
1004	9003
1732	2690
6918	5338
2557	2780
2426	1358
7217	5024
7346	255
5095	5958
8094	8092
2123	1807
1355	82
1799	8189
752	237
4207	5935
1968	2167
3593	4205
3912	5548
1743	1824
7625	6264
7022	5492
3799	453
8434	1218
8314	7191
261	1009
4435	3002
4472	225
6533	7841
6372	5023
9760	3005
4288	2939
6644	4811
7240	7630
4895	2348
1324	3466
5028	7195
7258	42
7632	4883
3592	5103
3014	4442
887	983
5449	4133
639	9584
792	8387
5580	9021
4514	3067
7093	7437
5976	994
7142	7315
8225	2385
3888	3526
3965	5599
6360	7726
9414	5736
4263	7013
170	1920
9004	8663
314	5243
9625	242
8043	7554
8351	3126
9804	1124
932	8834
1105	8560
7211	5826
9612	9204
7101	8274
7702	3124
2233	3023
2779	2851
1926	69
2912	5248
4176	5893
6676	6677
2557	234
6459	492
300	3699
3721	6333
1142	8370
1472	9854
4252	5996
9253	8643
735	9800
3639	604
5277	342
4266	4269
7000	4261
5106	3592
9746	9387
9360	3743
9015	8692
9939	9380
5094	3477
6315	7357
9595	295
857	1946
9120	255
1456	4558
1306	9894
3760	4869
6910	7592
3903	5506
6997	1912
1732	2637
995	3842
3701	4399
4423	6241
1670	9918
7867	7463
4966	5425
1099	6164
8639	883
680	2982
5038	5032
7840	1345
1921	3267
8490	4843
6671	8482
4893	723
1794	5535
4877	3546
1583	3903
3632	399
1480	1478
8925	345
7390	8423
6628	5066
7876	1908
1968	2944
2672	3399
6184	7516
4399	255
8681	8679
1396	6606
4251	8288
1732	2715
4080	991
4731	695
7751	358
3193	6086
6662	6253
6698	541
7326	1255
7426	7424
2791	2170
2155	7679
6704	545
3182	4672
9343	3456
2426	4458
9717	8994
9938	9507
9508	1704
6398	4768
6385	7431
9101	9153
3537	7381
2977	7879
4023	2165
616	7239
271	2324
1418	5848
1298	1811
2516	7151
15	319
9266	9435
5328	6493
6987	8195
2	5540
1309	1342
2254	7189
4214	607
2798	7563
6421	3531
1811	8735
3069	6732
821	1499
3320	2297
8579	9356
1476	754
1701	8620
1095	9191
8723	7907
6076	460
3627	339
3947	8493
5676	5621
2427	2234
767	8317
5122	2281
144	7757
4675	6351
4020	4017
8135	47
8679	9338
5901	1433
6040	9742
1260	9790
254	3174
3861	4184
406	2563
8910	348
2149	8703
5036	5038
8592	4907
3512	2217
5657	1944
7806	9361
668	5391
7331	5985
3386	5937
1732	2584
541	6715
1413	3714
8285	2736
6701	541
4587	3823
9887	1660
3836	5412
1413	1682
6573	6586
6738	7975
2062	3317
1794	5710
4792	3093
7564	8104
1664	1293
4550	3082
3961	2962
6001	4263
8490	1066
8055	8794
8829	1390
249	72
6924	4836
1729	3405
6600	6528
7012	5563
6922	8154
369	1392
6293	7570
3404	334
672	2504
5885	7272
833	1294
1389	6357
6474	9807
7796	2279
6817	3164
4388	2974
2204	3475
5386	7463
2412	7471
2403	108
7220	5840
7975	6738
5833	5266
3032	1599
3095	9829
7907	8726
7973	5361
3996	5623
7473	6366
2135	23
7253	35
5708	4101
6676	7946
5694	4208
8632	4106
6582	7877
5581	5364
3541	7436
4160	4161
6611	7896
276	0
4936	3030
2938	0
3071	2317
581	9458
6914	8138
1572	5568
6229	5881
1352	8035
2151	9581
2185	4419
93	1910
1845	5545
5279	9605
7036	1188
1587	1206
2505	3538
9785	1110
2427	3552
8815	8155
1732	2684
2961	4358
3764	170
882	1361
198	3914
8251	5905
6087	255
5155	3620
4284	4211
1368	3122
7666	3726
9760	3570
2019	4085
741	7950
224	4332
2961	4361
7092	4616
9296	9539
7204	3113
1894	4989
6287	255
6561	1209
2400	1612
7921	4761
7646	6277
3813	2491
2380	5885
8605	3321
2941	1499
2142	792
2968	3601
4723	9607
2246	3102
8181	5865
3069	4535
1063	3799
1695	9923
4647	765
1911	1922
2678	2113
7720	8610
7119	2968
3734	4984
2851	4173
5028	7601
4928	4076
1210	8222
1921	3302
5492	76
4161	593
6170	7487
3051	2097
7665	5625
1231	1267
8320	4108
132	2443
3627	5159
5415	9870
3649	2252
1139	2074
6751	5253
2634	3955
103	6880
4296	2941
314	5240
1160	48
5949	1944
9425	3143
4211	2069
7457	8456
8594	7702
8971	5167
1734	1361
8449	2209
1113	3556
4997	6577
887	5334
9364	1336
6371	7731
6005	7710
2929	2933
119	117
1610	2938
3492	3359
57	2871
2002	2004
3450	985
1741	1175
3067	4524
2530	5899
1732	2640
5826	7213
3794	4678
5558	4991
5630	916
1143	1924
1548	1090
3806	1920
840	1203
4183	6200
6980	6979
3033	6197
1224	9722
4853	148
1142	8442
3656	9687
9295	9219
2559	5710
9731	9730
5174	5670
6575	6567
6197	5521
249	823
2128	1811
7239	1505
9466	9471
4647	6259
3903	5517
1016	3573
7921	0
5434	3843
2500	3825
3472	5164
1921	3266
4725	2352
4411	5447
8618	9648
4573	3094
1711	1586
8663	9004
3069	5778
2425	4145
6598	9143
3774	7414
1091	5150
3524	4856
3316	1871
5070	6630
3926	0
4192	4193
827	5189
908	9755
3620	5710
9697	8911
7570	6293
2343	6775
1667	1468
2427	4129
2749	3668
8539	849
257	4689
6927	1182
2427	3658
2775	2497
4246	4831
1912	1990
2413	3601
816	2863
8115	2112
7987	742
1785	1735
8753	4510
616	7240
3051	7323
7702	4998
9468	9875
3170	8987
582	1456
6445	512
1711	1585
6932	6933
1941	5947
3617	7346
5812	3492
4291	6788
5659	7107
2076	1979
4715	443
6134	5624
1104	9215
2528	569
4189	8180
2116	8347
1719	9929
7463	5386
6154	8379
5468	7005
3903	5507
3676	2861
8986	3920
8070	111
4904	726
5932	1524
1397	6500
3820	6903
9437	9820
6270	6653
6209	5482
1921	3279
121	2410
3113	4692
5028	974
9509	8569
1797	9812
5784	5944
9272	2445
2242	3097
4669	3181
774	2421
5028	9706
1357	8035
2363	1967
1260	9791
1373	9720
40	1381
9392	8241
5764	1063
8200	9232
8155	8815
3571	6589
1279	6372
4499	6171
6229	5860
9439	2066
4130	633
3833	2210
1312	1310
7179	1234
5976	992
459	2919
1921	3254
5232	6802
3092	4568
5816	6594
2272	8553
3771	5378
8772	8006
4631	7634
3552	2427
5892	5891
6474	9811
9121	6363
4613	7092
1739	1806
3701	235
1696	1516
8616	8995
6111	9992
1781	2844
9952	8312
2844	4169
4791	4895
1937	7639
7716	6332
9241	1393
3382	4437
8516	8970
1370	1116
8490	6994
4161	4163
2352	4725
3145	3524
7341	1258
2983	4695
9216	1308
4803	4399
2475	3785
221	3957
1951	7277
6912	4645
947	6539
352	3607
4100	5703
5488	6175
4447	2441
6110	2167
3675	9549
7756	6533
2240	7939
4195	538
7173	5751
93	2921
4505	4504
319	15
541	3073
2494	1203
6434	1294
4473	6057
6012	2136
6612	7897
4745	4734
4018	546
4870	6219
6208	1613
9361	7806
4910	6575
5675	3993
4170	5827
3927	2835
9129	9164
3591	3436
9476	7375
1493	891
5449	3069
1413	440
7983	6756
7008	5187
5326	2914
151	4434
2961	4357
930	9758
4204	0
669	841
6440	5107
5973	7594
96	8900
4861	1166
1773	1664
3525	4991
4206	6117
7852	672
826	983
5141	1473
4222	3963
8713	6940
4549	3509
9237	9200
5267	610
2214	2928
6560	4984
8072	3946
7187	3032
7921	4760
158	2762
8898	2798
1895	1248
1933	9926
1166	5626
3859	6412
1473	5141
7053	8236
2851	4172
7457	6741
4337	225
1921	3301
3149	2396
352	5488
9201	8109
1777	4311
7672	6315
6899	5317
5492	7022
2553	2067
7598	8555
9364	1949
7105	227
8481	6039
48	0
2428	3662
4950	7710
8483	7486
4749	4060
2459	139
7693	1321
3197	7716
1326	4770
4366	3659
6865	6153
3194	4691
951	1711
9149	1123
9265	9435
1294	8392
6139	4124
5826	4872
9608	8956
1275	652
801	2479
1538	1696
6188	255
542	2271
6802	1151
3760	1710
2906	4218
8777	9040
5826	7210
1411	2911
3094	5468
2783	3959
3727	2402
7097	1958
7936	568
4992	3526
8397	3751
753	9846
1696	1545
1224	9723
5630	8380
2317	3360
2049	1922
4263	1923
5474	3897
6640	5075
7265	6880
2983	2860
5472	3897
6230	44
6227	8987
3886	4582
3903	5516
2116	8337
7467	5549
1936	2060
8614	6888
6913	8122
3536	8188
9370	9696
368	260
234	2557
906	1494
1921	3265
3168	2263
2158	9622
3612	7940
9925	9926
4175	1295
4855	8622
5104	785
5273	5551
2749	4015
319	3340
4343	4372
6173	7498
1209	191
4255	6020
8883	8249
1810	1353
1482	1485
8781	538
2511	2463
8309	6194
6612	844
2401	2440
6352	8718
3963	3017
6921	5868
7312	7659
8559	9144
2387	102
1265	449
6424	3567
2427	3661
4635	9424
7581	6231
4938	8285
7751	354
5889	7295
6323	8104
6923	4880
9478	6153
4877	483
698	2397
5123	8664
6843	8038
3358	6608
8878	2292
9226	317
3563	9689
4945	272
1797	2096
1852	3602
3685	1163
3449	2439
5828	4170
8041	1621
6372	68
1696	8549
5948	1902
1142	5483
3810	430
1743	1818
4833	2751
6734	4081
7423	6087
9113	836
4266	4400
1661	1320
8148	737
1794	628
152	4483
8946	6854
7554	3139
2053	9997
2493	1381
9748	3066
483	1327
7590	6237
6451	861
9738	871
5263	8894
1873	5694
2367	2214
4678	3794
1815	2336
1921	3260
6065	7383
668	2506
1016	72
3980	5440
6507	1114
57	1676
1142	851
5139	4438
4937	6514
9811	6474
5097	6663
5299	5457
9681	1221
6690	5779
5830	6495
2259	4440
2181	1844
7531	6193
7171	6871
1659	2399
5937	5357
2116	255
1797	7617
6866	8054
816	6689
5995	4252
5239	9172
2154	1301
7987	3580
9901	2781
3255	4741
6897	6373
2648	3395
70	1350
5185	5307
6824	5251
3996	3841
1388	1374
6462	8348
3092	9352
8395	9474
763	3085
829	2480
6690	9746
4680	6391
6893	5934
7119	4918
1732	2586
7324	6625
9624	9211
6880	7266
5769	4145
7265	700
8734	5557
787	791
3015	4444
862	3602
9637	4765
7851	2758
8636	8997
8422	3431
2240	3096
2936	229
5920	8786
7922	1437
5766	962
2339	1712
3155	35
3374	2108
4399	6098
4734	4745
5050	326
8036	1475
5958	3702
7574	6219
3202	2276
7169	8825
1772	237
1941	2748
7038	6114
3522	4980
3621	5428
5328	4917
3727	5840
2497	3820
2475	3784
2226	6939
3541	8220
3715	1140
6075	7405
9938	9502
409	5746
4985	1929
9806	9433
6453	5435
290	5113
17	9520
6358	177
4143	588
6065	7784
8735	1811
289	111
3182	3201
8667	4630
6575	7638
6504	1111
6996	5409
9578	2456
7797	326
677	5603
2899	2138
4680	6276
1121	3573
4040	3883
2746	6111
2301	3566
1647	4842
2865	4190
8147	1381
6360	255
1935	1635
8251	5907
8860	4067
641	7471
1732	2701
883	1835
8386	7203
3959	5976
6055	6054
214	1758
4371	6079
3136	5716
1630	7060
3190	3194
6887	9017
6219	4839
1355	87
9478	6786
1049	1524
7253	7258
2214	2929
2167	6032
8869	8240
2473	9263
840	5663
3847	3148
9760	6569
3241	5861
3613	6981
4599	6405
2246	3100
9509	9287
8246	8879
7907	8728
4209	4546
7994	3627
545	1180
1677	8030
1119	1694
9547	76
6041	7063
2938	237
875	4593
2473	3777
7987	6534
8292	8072
4335	224
1921	3300
9028	1509
2531	3740
3369	4639
9816	1218
6573	8215
7565	7214
528	3963
9917	237
2509	3850
1930	5759
6555	4023
301	6033
1104	6381
4251	594
5779	1433
4330	6196
2877	793
2477	1251
745	4752
5677	7127
1503	939
2980	3919
8920	2895
6871	7171
1696	1247
6565	6570
9295	9221
6761	1612
9663	585
793	1906
4705	5747
4259	5030
1844	2181
119	7163
9360	8428
2255	4082
4939	3493
1732	2642
5826	7211
7464	8465
954	2719
6244	1903
6306	1893
7797	237
2092	2543
5996	4252
5373	3771
3983	2729
8405	7358
6606	7948
7084	6264
5449	4132
4395	7349
9532	1188
4997	2381
5729	2184
1703	1557
1169	6888
3172	4660
2891	2892
4056	5674
5201	9924
8853	7577
2779	4090
6139	6293
3072	269
2067	5070
5413	6942
8029	7758
4880	5205
5408	3833
6231	2201
927	2182
2184	2854
7076	7989
4730	6645
1921	3232
1903	5936
2281	7828
1680	2336
5386	9623
8738	6232
2514	1624
7958	3418
908	9881
2260	9304
9794	5175
2479	4626
3753	5055
6752	4733
2895	2894
835	111
1131	1127
3743	9360
1298	4849
6547	8175
6553	4972
7640	8580
8285	763
1082	1546
2427	3660
3766	5840
3443	1760
4701	2105
9961	8144
6372	4041
1732	2599
1912	1992
2292	9073
5034	3539
3639	4180
3546	9135
1732	2596
4131	7438
2346	1415
1972	6091
3517	9560
24	9523
861	601
1269	1612
2170	2790
1813	1740
8642	5936
7417	638
2297	6321
1173	1174
59	2284
8379	8935
832	240
4747	6353
5307	6892
2943	3998
7476	7472
6802	1719
3760	5360
3629	5165
3586	5099
2317	3109
2464	3815
1325	2481
2745	5675
4631	4768
4706	1902
5936	7286
706	80
1164	9081
2865	8159
1598	1713
1745	1187
3426	341
1610	1675
3760	5190
9053	8841
4458	565
4784	4789
149	5932
8963	7121
883	1908
877	2926
5430	6966
8253	5610
833	2504
1870	2210
7053	3341
6324	6960
3406	255
3702	5250
5589	1178
8447	8958
7047	594
330	6796
7675	6315
1725	9500
883	3927
4436	1361
6470	4880
3743	6758
3025	7750
1244	5079
2456	6471
483	4877
7586	7263
6317	5251
2214	2367
7515	6184
6493	4089
45	6600
1209	4941
5926	1604
1326	1582
3466	1324
7263	8364
6288	2251
2641	2819
5240	1263
6880	7267
7915	8729
3649	8163
2096	255
4218	2906
2962	6063
9788	3452
3584	2286
5719	3922
8921	8362
2427	3220
3526	4993
1350	7040
2277	6474
7081	3182
3205	4488
2363	2557
4194	2940
726	4904
7674	8130
6355	5744
5133	4050
4436	8552
6199	203
4483	1168
5037	3539
7233	5855
5030	3055
3255	4743
170	3753
2116	8200
8451	1696
1544	255
1178	1212
7743	8628
3650	7446
4823	5606
9478	8014
7552	7553
5672	6894
2475	3787
6075	7404
8187	467
9545	64
6804	6811
1864	1750
9938	9503
3635	3476
4101	5708
590	1728
774	8360
6271	4679
1782	844
1528	3739
276	4983
9234	1456
8457	7457
3649	1373
2371	4260
1750	8916
2135	9855
7496	3703
840	8491
5693	2444
2259	4836
7270	4766
4125	2910
8783	1874
4306	1112
9375	9251
1941	2375
1498	4186
6471	2868
2350	77
8572	7615
2865	6753
1354	8591
3624	7316
1416	9975
6182	7508
7377	5031
1073	1537
1750	1861
8919	4661
9912	9496
7563	2798
5567	6163
1732	2687
3685	155
3742	463
8613	2183
641	7470
8675	7785
9011	7098
4371	6078
4209	3838
1355	86
1106	3324
5814	5813
5933	4207
1604	1254
3624	7775
1531	9863
1368	5142
1703	4996
1797	1418
2246	3101
9274	1562
3069	4532
1096	1127
3418	9711
2473	3776
3627	1646
3466	4912
6620	5879
5704	7476
6368	4753
2523	3871
3182	7081
6799	7761
6297	9670
8132	2391
3968	3740
3772	4236
2266	3058
3475	2204
1892	9970
9908	3642
7800	659
9026	1509
7378	2923
3108	6600
2451	8859
5174	339
1424	7936
9624	7136
4597	6226
8867	9066
164	832
1597	9514
8736	9019
2233	3027
5590	465
2662	169
8641	8289
3178	539
1224	9720
2696	147
6401	4768
5302	6888
3567	2481
7921	4758
7936	570
170	2480
3646	2420
3885	5459
238	273
295	1374
2744	181
1878	8962
1936	5768
8051	8792
8622	4853
9749	1937
2915	4241
9112	7754
8072	4175
6423	1284
3668	414
542	4463
342	5277
3028	7603
1750	1862
4749	1874
1296	9299
5494	2819
1748	447
6002	4265
4008	2972
6568	4987
7480	6452
6896	5450
3149	5691
1008	4884
9360	9235
7758	8029
5336	7378
7190	8386
6626	7923
1454	9328
8307	4727
1166	852
1420	2067
9746	4999
1732	2156
9624	6079
188	9568
5101	4748
