191
202
524
788
986
1116
1215
1267
1919
2725
2747
3189
3310
3352
3440
3515
3526
3528
3555
3690
3745
3973
4153
4302
4484
5047
5119
5126
5278
5350
5438
5558
5852
5914
6125
6287
6338
6467
6525
6627
6647
6899
7105
7197
7287
7417
7561
7624
7715
7994
8048
8052
8589
8609
8664
9158
9285
9540
9593
9628
10031
10175
10310
10604
10644
10703
10868
10876
10966
11028
11233
11404
11631
11722
11808
11811
11893
11969
11972
12071
12101
12104
12169
12269
12468
12589
12631
12775
12961
13259
13745
13776
13852
13872
13887
13971
14402
14656
14852
15094
15165
15320
15407
15531
15555
15571
15668
15890
15935
15989
15993
16103
16603
16631
16668
16692
16698
16713
16731
17081
17116
17274
17278
17293
17437
17717
17763
17783
17786
17854
18101
18112
18115
18189
18331
18473
18795
19155
19366
19421
19431
19444
19493
19611
20372
20488
20696
20744
20926
21249
21364
21426
21573
21814
21915
21999
22037
22248
22296
22324
22510
22597
22725
22799
22820
22872
23072
23110
23350
23415
23564
23627
23742
23803
23865
23971
24036
24084
24362
24780
24832
25007
25016
25111
25200
25256
25849
25942
25960
26078
26122
26253
26290
26464
26503
26619
26846
27058
27141
27193
27334
27404
27477
27668
27947
27977
28170
28178
28440
28448
28647
28738
28801
28990
29096
29145
29377
29442
29606
29818
29845
30005
30136
30462
30511
30527
30554
30597
30982
31025
31364
31479
31801
31802
31928
31956
31994
32182
32186
32242
32315
32354
32933
32983
33079
33092
33175
33356
33515
33610
37258
38345
43797
46205
49741
53901
54708
55853
56098
58106
59772
66902
