12
47
52
112
154
191
206
209
210
233
267
269
292
307
316
397
404
431
509
513
551
605
631
692
710
738
739
740
748
749
750
848
872
880
928
960
1032
1044
1046
1067
1072
1196
1240
1277
1319
1339
1340
1345
1507
1531
1541
1603
1622
1623
1698
1750
1760
1764
1776
1786
1789
1812
1820
1837
1931
1946
2068
2357
2481
2575
2580
2612
2670
2711
2799
2838
2971
3139
3145
3158
3195
3274
3318
3335
3342
3374
3383
3393
3412
3426
3478
3485
3530
3543
3603
3614
3627
3698
3725
3730
3748
3766
3812
3820
3821
3862
3866
3868
3885
3888
3894
3930
3933
3947
3950
3953
3965
3974
3978
3981
3987
3991
3993
4005
4009
4014
4023
4025
4034
4036
4047
4055
4064
4068
4097
4106
4139
4155
4173
4207
4223
4227
4232
4239
4247
4294
4308
4343
4347
4354
4356
4410
4414
4498
4503
4538
4542
4547
4608
4612
4619
4625
4630
4642
4658
4696
4701
4712
4735
4738
4750
4766
4770
4772
4809
4823
4831
4832
4859
4866
4886
4914
4930
4934
4962
4991
5026
5038
5052
5071
5080
5081
5103
5127
5129
5145
5173
5199
5256
5265
5266
5274
5293
5297
5298
5304
5362
5372
5389
5403
5408
5420
5423
5427
5428
5435
5445
5446
5464
5466
5488
5492
5493
5516
5528
5540
5553
5561
5609
5627
5632
5659
5685
5704
5723
5739
5755
5797
5811
5825
5837
5851
5856
5874
5898
5906
5911
5948
5956
5957
5973
5998
6003
6015
6032
6037
6039
6080
6082
6087
6100
6110
6111
6115
6122
6133
6188
6193
6199
6209
6217
6241
6244
6245
6257
6259
6275
6287
6293
6294
6303
6307
6348
6357
6360
6370
6381
6505
6519
6551
6552
6574
6575
6579
6590
6622
6627
6633
6652
6662
6668
6695
6714
6724
6726
6742
6750
6753
6755
6815
6828
6847
6866
6902
6904
6910
6960
6966
6968
6991
7026
7085
7086
7092
7093
7125
7139
7163
7179
7200
7260
7265
7266
7302
7307
7318
7341
7348
7391
7397
7399
7407
7411
7421
7441
7455
7460
7471
7514
7525
7526
7545
7549
7571
7573
7575
7588
7596
7607
7629
7640
7641
7656
7663
7668
7673
7705
7709
7729
7743
7773
7782
7797
7801
7824
7845
7871
7885
7925
7928
7939
7952
7961
7981
7994
8002
8022
8023
8039
8045
8070
