1
2
5
8
13
14
18
21
24
26
27
28
29
31
33
43
44
54
57
58
59
62
64
67
69
71
72
81
82
83
89
92
96
100
102
106
107
109
113
114
119
120
123
124
127
129
131
135
138
153
156
157
158
161
164
167
173
174
178
179
181
183
184
185
193
194
196
197
200
204
205
212
213
216
217
223
227
230
235
236
241
246
247
252
254
257
263
268
275
276
277
280
282
285
287
290
300
301
304
305
313
314
317
318
320
322
326
328
330
332
334
335
336
342
343
346
352
355
356
359
362
377
380
384
385
387
390
394
399
410
411
412
413
415
417
420
421
422
426
429
436
438
447
454
461
465
467
473
479
482
489
492
500
502
503
504
506
515
516
520
524
525
528
534
537
538
548
555
567
570
571
573
575
582
583
586
594
596
602
603
604
606
608
613
624
625
627
632
633
634
641
643
644
648
649
654
657
660
662
664
669
670
672
673
677
678
680
681
682
686
688
689
698
700
702
704
707
711
712
715
720
723
725
726
728
730
731
733
734
741
744
761
762
765
773
775
781
784
786
790
793
796
799
800
807
810
812
813
818
827
829
830
843
846
853
854
857
858
864
866
871
878
879
883
884
890
892
895
897
903
905
906
913
915
916
917
918
919
920
921
927
932
935
947
949
952
953
954
958
959
962
963
965
968
971
972
973
980
982
984
992
1000
1004
1009
1012
1015
1016
1020
1025
1036
1039
1045
1048
1050
1052
1054
1060
1061
1065
1066
1068
1069
1071
1073
1079
1080
1082
1085
1091
1094
1095
1096
1097
1099
1103
1104
1105
1111
1113
1119
1122
1124
1127
1130
1135
1137
1138
1139
1141
1144
1145
1146
1148
1152
1153
1155
1160
1162
1165
1175
1177
1178
1181
1184
1185
1186
1188
1189
1192
1193
1209
1210
1211
1212
1214
1221
1223
1224
1229
1233
1243
1247
1248
1254
1255
1258
1259
1260
1261
1262
1268
1270
1276
1278
1281
1282
1283
1285
1287
1290
1291
1294
1299
1304
1305
1313
1314
1320
1322
1324
1336
1338
1346
1350
1355
1360
1364
1369
1372
1380
1381
1382
1383
1384
1387
1392
1397
1402
1404
1415
1420
1421
1423
1426
1427
1440
1444
1446
1456
1457
1462
1465
1466
1467
1477
1479
1486
1489
1490
1491
1495
1497
1516
1518
1521
1528
1529
1530
1535
1539
1545
1546
1551
1555
1557
1558
1559
1563
1566
1567
1572
1575
1576
1583
1585
1586
1588
1594
1595
1596
1598
1599
1614
1621
1625
1629
1630
1631
1634
1637
1638
1644
1645
1652
1653
1664
1667
1671
1674
1675
1676
1679
1684
1686
1689
1690
1694
1696
1702
1707
1710
1715
1716
1720
1722
1724
1727
1730
1736
1737
1739
1744
1746
1748
1749
1751
1756
1757
1763
1770
1772
1773
1774
1777
1778
1781
1791
1795
1796
1797
1801
1802
1804
1805
1809
1810
1811
1813
1818
1821
1822
1824
1828
1829
1833
1836
1840
1846
1850
1852
1857
1866
1869
1870
1873
1878
1880
1881
1883
1884
1887
1889
1895
1899
1903
1904
1906
1907
1908
1910
1913
1916
1917
1922
1923
1938
1939
1943
1944
1948
1949
1953
1957
1958
1971
1974
1977
1980
1985
1989
1990
1991
1993
1999
2000
2005
2007
2011
2014
2017
2022
2023
2026
2031
2034
2036
2043
2044
2047
2051
2054
2057
2058
2065
2066
2067
2069
2073
2075
2079
2082
2096
2098
2100
2103
2108
2118
2119
2122
2123
2125
2127
2128
2129
2134
2136
2137
2138
2139
2146
2152
2153
2157
2161
2163
2166
2169
2170
2171
2172
2180
2187
2193
2198
2199
2205
2206
2207
2209
2210
2211
2215
2217
2218
2226
2227
2236
2245
2253
2259
2266
2280
2284
2290
2293
2297
2299
2305
2317
2319
2326
2333
2338
2342
2346
2347
2348
2351
2356
2358
2361
2363
2364
2368
2370
2375
2382
2383
2384
2386
2387
2391
2393
2395
2396
2399
2401
2402
2404
2410
2412
2414
2419
2422
2424
2430
2432
2434
2443
2445
2446
2449
2453
2454
2455
2456
2461
2465
2467
2470
2472
2475
2476
2477
2478
2479
2480
2482
2485
2486
2491
2498
2501
2509
2515
2516
2518
2519
2522
2523
2524
2526
2531
2534
2549
2553
2559
2562
2563
2566
2567
2569
2570
2572
2573
2578
2579
2582
2583
2596
2598
2601
2602
2603
2606
2607
2609
2610
2614
2617
2619
2624
2628
2629
2647
2650
2656
2661
2664
2675
2677
2681
2683
2684
2685
2689
2690
2692
2695
2698
2700
2701
2703
2706
2708
2710
2712
2717
2718
2721
2727
2729
2735
2743
2744
2746
2751
2752
2753
2754
2755
2757
2763
2766
2770
2771
2777
2783
2789
2791
2794
2798
2800
2801
2802
2808
2811
2812
2814
2820
2826
2829
2830
2832
2837
2839
2841
2844
2861
2864
2866
2867
2879
2882
2883
2884
2887
2888
2890
2892
2901
2904
2910
2915
2916
2927
2930
2932
2933
2936
2937
2945
2946
2958
2959
2961
2965
2968
2973
2974
2976
2977
2978
2980
2986
2987
2994
2995
2996
3000
3001
3002
3014
3015
3018
3024
3032
3034
3036
3037
3040
3041
3043
3046
3049
3050
3058
3059
3061
3062
3067
3068
3071
3072
3076
3082
3092
3094
3098
3105
3106
3115
3116
3123
3125
3127
3131
3135
3146
3148
3152
3163
3166
3167
3168
3169
3170
3171
3176
3179
3180
3181
3186
3194
3196
3198
3199
3202
3205
3207
3209
3212
3213
3232
3233
3234
3237
3238
3243
3244
3245
3247
3248
3249
3255
3259
3260
3264
3265
3278
3281
3282
3286
3287
3288
3294
3295
3298
3315
3317
3319
3322
3325
3336
3346
3350
3352
3355
3356
3357
3358
3364
3367
3371
3375
3378
3379
3380
3381
3382
3384
3388
3392
3394
3397
3399
3401
3402
3404
3406
3410
3415
3418
3423
3424
3434
3435
3437
3440
3442
3443
3445
3446
3452
3454
3456
3457
3461
3463
3468
3469
3471
3475
3477
3480
3481
3483
3486
3487
3490
3491
3494
3495
3497
3500
3502
3507
3508
3515
3518
3519
3522
3523
3524
3533
3534
3540
3541
3542
3546
3547
3549
3550
3553
3554
3559
3562
3564
3566
3567
3572
3581
3586
3588
3592
3593
3594
3598
3601
3602
3606
3608
3611
3612
3613
3617
3618
3620
3622
3628
3631
3633
3638
3640
3642
3643
3647
3648
3651
3656
3662
3670
3671
3673
3674
3679
3683
3695
3697
3702
3713
3715
3721
3726
3732
3737
3741
3751
3753
3759
3769
3775
3785
3794
3800
3801
3806
3808
3815
3818
3819
3822
3825
3826
3829
3830
3836
3837
3840
3843
3844
3852
3853
3859
3863
3865
3871
3873
3876
3877
3879
3884
3889
3890
3899
3902
3907
3909
3914
3918
3922
3924
3926
3931
3932
3936
3937
3940
3943
3949
3952
3955
3956
3961
3964
3967
3968
3969
3970
3973
3979
3980
3982
3983
3990
3994
3995
3997
4000
4002
4004
4006
4007
4008
4010
4011
4016
4029
4030
4031
4032
4035
4039
4040
4042
4045
4049
4052
4056
4057
4059
4060
4061
4065
4069
4072
4073
4074
4080
4082
4086
4087
4088
4092
4094
4096
4115
4118
4122
4124
4127
4128
4130
4136
4137
4138
4142
4145
4146
4161
4180
4184
4185
4188
4193
4198
4199
4202
4208
4212
4216
4220
4221
4225
4228
4233
4234
4238
4242
4243
4245
4248
4255
4263
4264
4265
4269
4271
4277
4280
4285
4293
4295
4297
4298
4299
4300
4302
4305
4307
4312
4322
4326
4331
4333
4335
4338
4345
4349
4352
4353
4357
4361
4367
4369
4370
4374
4381
4382
4384
4385
4387
4389
4390
4391
4393
4398
4406
4409
4411
4413
4415
4419
4420
4421
4424
4425
4426
4428
4430
4431
4432
4433
4439
4441
4443
4447
4450
4455
4459
4463
4466
4469
4470
4473
4474
4477
4478
4490
4494
4497
4500
4510
4514
4515
4518
4519
4521
4522
4526
4528
4530
4531
4532
4534
4536
4541
4551
4552
4558
4562
4564
4566
4572
4575
4577
4579
4581
4582
4583
4586
4588
4589
4594
4595
4596
4597
4606
4613
4618
4622
4631
4635
4640
4643
4647
4650
4651
4652
4656
4659
4660
4661
4663
4664
4665
4669
4670
4671
4672
4674
4675
4676
4680
4683
4693
4698
4699
4700
4706
4708
4710
4711
4713
4722
4723
4724
4729
4733
4734
4736
4745
4746
4747
4755
4756
4760
4761
4762
4763
4765
4773
4775
4776
4785
4788
4790
4793
4796
4797
4798
4804
4808
4811
4815
4817
4822
4835
4841
4842
4843
4847
4850
4856
4858
4867
4868
4870
4872
4876
4881
4882
4883
4891
4892
4893
4894
4895
4896
4898
4903
4905
4908
4915
4917
4919
4921
4925
4927
4931
4935
4936
4941
4948
4952
4955
4957
4960
4961
4963
4965
4972
4974
4981
4985
4987
4988
4989
4996
5000
5001
5007
5012
5017
5018
5022
5023
5030
5035
5036
5040
5043
5046
5047
5051
5053
5055
5056
5059
5063
5064
5069
5074
5075
5086
5088
5090
5091
5093
5095
5101
5102
5105
5108
5109
5116
5117
5123
5132
5135
5136
5139
5140
5141
5149
5152
5157
5158
5160
5163
5180
5181
5182
5185
5188
5191
5197
5202
5204
5205
5207
5208
5209
5212
5227
5231
5236
5239
5240
5241
5249
5250
5251
5252
5254
5255
5258
5289
5290
5292
5295
5296
5300
5309
5310
5312
5316
5317
5318
5323
5328
5332
5333
5335
5337
5344
5345
5351
5363
5365
5366
5371
5373
5374
5375
5376
5377
5384
5386
5392
5395
5404
5405
5409
5414
5415
5419
5424
5431
5432
5433
5439
5441
5444
5447
5448
5449
5452
5454
5463
5467
5470
5484
5485
5502
5504
5505
5507
5509
5517
5523
5527
5529
5533
5542
5548
5556
5558
5562
5563
5569
5571
5581
5582
5584
5585
5587
5590
5592
5594
5595
5597
5605
5610
5611
5613
5614
5615
5618
5619
5622
5624
5635
5639
5642
5643
5645
5646
5647
5648
5649
5652
5655
5657
5658
5668
5669
5672
5676
5679
5681
5683
5686
5688
5696
5697
5701
5702
5703
5705
5706
5707
5711
5713
5715
5717
5718
5719
5721
5722
5728
5729
5730
5732
5733
5744
5746
5747
5748
5751
5754
5758
5765
5773
5778
5779
5784
5785
5790
5791
5792
5793
5794
5795
5806
5808
5809
5810
5815
5822
5823
5826
5827
5832
5833
5835
5839
5843
5844
5848
5849
5853
5861
5864
5868
5872
5877
5878
5881
5884
5887
5892
5897
5901
5903
5905
5908
5909
5910
5914
5916
5919
5923
5924
5925
5931
5937
5947
5949
5953
5954
5958
5961
5968
5971
5972
5978
5980
5982
5983
5984
5986
5989
5990
5993
6002
6004
6009
6022
6029
6031
6033
6044
6046
6053
6061
6065
6067
6073
6074
6075
6081
6088
6091
6094
6095
6097
6099
6101
6102
6109
6116
6127
6129
6132
6136
6138
6141
6144
6147
6151
6156
6160
6162
6163
6171
6174
6175
6176
6178
6182
6191
6192
6203
6205
6213
6214
6219
6223
6224
6226
6232
6233
6238
6240
6246
6248
6250
6252
6254
6260
6265
6278
6283
6286
6289
6290
6292
6297
6298
6301
6306
6317
6319
6320
6321
6325
6331
6332
6333
6334
6336
6338
6339
6341
6347
6349
6353
6354
6355
6358
6361
6367
6368
6369
6374
6376
6377
6380
6383
6384
6385
6389
6394
6395
6399
6401
6404
6405
6406
6408
6410
6414
6415
6416
6420
6422
6429
6431
6433
6434
6438
6439
6440
6442
6450
6451
6455
6457
6459
6460
6462
6471
6473
6479
6480
6487
6488
6490
6493
6494
6497
6499
6511
6516
6518
6527
6536
6543
6544
6546
6547
6548
6553
6561
6565
6571
6572
6576
6583
6584
6586
6595
6596
6597
6598
6600
6601
6603
6608
6611
6614
6615
6616
6617
6618
6625
6630
6631
6636
6638
6639
6640
6642
6646
6647
6648
6649
6650
6653
6654
6655
6657
6659
6660
6661
6663
6664
6665
6667
6670
6671
6676
6679
6684
6686
6693
6700
6706
6707
6712
6713
6716
6722
6730
6734
6737
6738
6740
6744
6745
6751
6757
6758
6759
6760
6761
6763
6774
6775
6778
6781
6786
6787
6792
6798
6800
6803
6805
6806
6810
6818
6825
6826
6827
6829
6830
6831
6835
6837
6839
6840
6841
6846
6849
6852
6859
6862
6863
6868
6872
6874
6875
6884
6885
6888
6889
6890
6891
6892
6893
6897
6898
6899
6901
6906
6907
6912
6916
6920
6921
6924
6927
6929
6931
6932
6936
6937
6946
6948
6956
6957
6959
6961
6969
6971
6973
6975
6979
6981
6982
6983
6990
6992
6993
6995
6996
6998
6999
7003
7004
7005
7010
7016
7018
7023
7027
7028
7029
7038
7044
7053
7058
7059
7060
7067
7068
7069
7071
7072
7074
7078
7081
7091
7094
7097
7100
7102
7103
7109
7113
7117
7119
7121
7136
7140
7148
7151
7153
7155
7157
7162
7166
7169
7173
7178
7181
7182
7186
7187
7192
7194
7198
7205
7212
7214
7215
7218
7223
7229
7230
7233
7234
7237
7238
7239
7243
7247
7248
7251
7252
7256
7257
7259
7264
7281
7283
7287
7294
7296
7297
7303
7304
7311
7319
7321
7325
7328
7329
7333
7339
7340
7342
7343
7347
7352
7353
7355
7358
7360
7361
7368
7369
7370
7372
7373
7382
7385
7387
7394
7398
7409
7410
7414
7416
7422
7423
7424
7428
7432
7435
7436
7440
7443
7446
7447
7448
7449
7450
7451
7454
7459
7462
7465
7467
7472
7473
7474
7475
7476
7480
7489
7497
7499
7500
7503
7509
7510
7512
7515
7524
7527
7532
7533
7534
7538
7546
7547
7551
7552
7554
7555
7569
7585
7591
7592
7593
7594
7605
7612
7614
7618
7622
7626
7627
7630
7631
7635
7638
7639
7643
7644
7649
7650
7654
7670
7671
7674
7678
7680
7681
7682
7683
7684
7685
7690
7691
7693
7696
7698
7700
7701
7712
7714
7717
7719
7720
7727
7737
7740
7742
7744
7745
7752
7753
7755
7758
7767
7768
7774
7778
7779
7783
7787
7791
7793
7795
7799
7802
7814
7815
7817
7818
7821
7828
7831
7832
7834
7837
7839
7843
7846
7848
7850
7856
7861
7862
7863
7872
7874
7875
7882
7886
7887
7888
7908
7912
7913
7914
7918
7922
7927
7932
7936
7938
7940
7941
7942
7945
7948
7950
7957
7958
7965
7968
7969
7971
7974
7976
7979
7984
7987
7990
7991
7995
7998
8004
8015
8017
8028
8030
8036
8041
8043
8048
8049
8051
8058
8063
8064
8067
8069
8071
8077
