380	81
3634	606
4080	494
409	1652
1020	4061
3551	3693
4308	2280
106	156
3325	4802
3200	4797
3542	3668
456	4799
3017	413
4645	680
2937	839
61	2310
1930	2285
1984	729
241	4534
2889	2047
3212	2684
3200	4842
3803	259
3200	4761
1367	495
3041	321
4093	2996
1574	3077
3083	101
4161	1805
19	2670
3821	2208
3248	1791
653	3900
2670	1227
4214	719
1365	3754
1558	4527
1024	613
2738	1217
2115	1932
1329	2997
1696	2959
3029	2215
4335	1657
3633	1060
380	82
3728	2121
22	3484
1236	4206
1400	321
4608	4603
4004	462
380	4577
1295	2415
2215	3029
3144	316
4738	2221
1042	2908
2231	4569
17	2664
4155	622
1446	2712
4479	1571
1114	3087
2361	3001
1354	2767
860	1123
753	4118
2919	566
2006	2971
330	3059
2251	923
3262	2117
4997	407
3249	1247
2389	460
4496	1973
3553	636
4189	95
3551	3698
249	1587
4283	1258
3998	1191
4048	3236
1673	35
4195	3302
493	3135
1741	1012
2570	629
3307	2887
4356	2254
2094	4656
3122	4091
203	2598
3200	4915
2643	2287
4082	518
1220	4123
4469	4646
2911	498
4525	1456
2400	2918
3551	465
2965	4981
2582	136
284	4006
4639	1627
2792	1809
1048	2605
3273	4989
2072	1107
2430	168
2733	344
2756	2146
2115	319
604	3760
4237	1088
504	1640
715	2650
1064	3633
2873	2452
4687	4272
1474	401
3320	286
1959	4630
3809	4802
1948	4802
2266	4521
124	1656
2880	2909
2599	1006
3474	3747
3953	1185
366	636
4189	1310
3234	3435
4320	1374
1237	4588
3507	2325
4061	2890
707	4725
3802	2122
3804	2877
2387	3073
3597	3756
1365	2012
4080	2062
3903	4602
4608	3398
4213	4718
3597	1577
4045	3380
4447	1916
1388	2959
3200	4845
1992	1748
3551	411
4608	4955
1671	3123
4062	3479
679	1075
339	3557
2627	2482
645	541
517	1191
2420	4204
238	417
4247	541
3200	4917
346	2102
4155	4620
1446	3450
2853	4881
456	3268
1627	4802
3096	4881
3182	1716
3353	1200
3200	4821
4262	1659
3551	536
61	4319
3167	3655
2883	4576
3802	4066
4535	2848
1959	1814
726	3275
356	3117
380	2358
1055	3981
1424	4329
1212	2801
3506	937
4551	2499
1806	3028
4223	2233
1945	821
276	2308
1464	4525
3437	3234
3962	2558
3955	1747
1193	2792
4084	3211
4379	1873
3211	693
1805	4265
2445	3251
2726	2209
4493	495
1655	495
4716	4718
3514	356
654	2330
29	612
2524	2604
2389	3573
2163	1998
2236	1701
782	4959
3564	2174
3542	3661
3552	1492
1185	2029
3200	4882
2149	459
400	4957
1413	155
575	561
2009	3434
2637	3791
3129	2321
3551	882
4675	2364
1010	2757
4046	3368
4442	1219
4189	59
3049	1593
4223	563
1374	542
3032	876
358	2123
3797	1416
4657	3588
478	484
1719	3182
384	3810
1551	1754
2777	1428
816	3782
1195	4259
3191	1658
603	4046
2484	2643
1175	3223
2497	552
1585	1188
2406	523
3200	4031
4525	1457
3200	4823
3269	3995
1517	3585
306	3856
2209	1724
1027	4085
2231	3155
3202	2278
3347	678
2443	2428
991	3291
2335	2635
1666	233
3200	4787
264	3136
311	4552
3347	2857
2443	3736
4048	130
3200	4832
3200	4767
3313	221
4417	2250
1481	1470
1977	4416
1769	3550
680	3531
4679	4114
2728	1421
3504	4111
2570	4978
2785	1731
1770	3142
1845	4396
3203	2011
1992	1875
4494	2000
3749	2418
2494	1249
2932	573
2351	2756
3542	3198
4940	4340
1019	4530
2189	2895
4061	1020
3200	4788
2808	2033
314	1843
3832	1799
3410	1903
4414	3630
4534	2611
1854	821
1438	3395
3551	963
735	4467
2209	1448
2778	1707
1492	2266
4290	3757
638	3129
2611	4534
3625	3322
3860	306
4925	3169
4521	2274
1967	711
2665	2590
3759	3708
116	4142
2817	1925
4270	0
1705	2778
2492	3312
4661	1939
2417	2422
1226	2813
2819	1894
146	813
249	1254
452	1628
4048	474
3200	4777
4466	4738
2768	1170
829	541
306	3854
1250	4164
3208	3065
4219	1092
827	1282
2945	0
382	2768
1112	3831
4464	4290
493	4110
3372	4169
2266	3109
2438	4205
4956	2493
2768	1150
2773	1600
2335	3029
4640	1754
361	2109
3200	4834
519	4014
2389	3489
29	3075
3551	3707
3347	3788
4881	3099
2805	3764
3551	3015
4290	4464
4741	3759
3749	2396
3200	4874
4322	1424
2761	3990
2606	2062
4315	1325
3064	3063
2935	2054
2574	862
627	3616
3940	2334
2710	2852
3200	4778
2237	3883
2443	2712
206	3852
4599	495
47	2700
1913	4573
3200	4780
2597	3761
837	248
2942	4315
2768	1151
2669	1407
3551	897
1472	375
3572	2123
3958	4555
3551	956
673	3189
2119	2339
2800	1902
3406	1468
4467	1536
2778	1705
3351	346
221	3313
4447	4472
3049	3642
3200	4378
4497	871
3749	2681
3200	4815
1659	3846
4080	2124
4547	1625
3467	4502
346	2096
1881	379
434	4575
2993	577
4395	4406
1446	1282
1651	3465
2735	4290
2429	4192
3833	1443
2574	863
2171	1842
3303	3216
4048	476
2803	633
1996	3043
2436	1204
2389	522
3244	444
3595	65
3450	3974
991	3557
2415	1295
1998	2163
3542	3682
2502	3839
4497	2719
3936	623
4743	2306
3594	3140
2773	1599
4142	116
2472	1130
383	2284
1293	199
677	3243
1217	2738
4256	3440
2422	2417
259	4599
4637	1750
57	1481
4972	2517
3291	532
3241	1903
4715	738
3216	3303
3551	915
1085	2955
2285	1930
1395	2185
3200	4876
3931	2358
3900	63
2570	3826
4393	2852
4276	2634
705	1900
4683	1509
1570	4503
3567	377
3757	4290
2067	2852
1944	484
2486	2869
2389	471
4679	1017
2395	2072
3200	4231
3073	2387
2643	2484
2173	2256
3349	3801
1358	2568
338	1650
2194	4203
2332	3036
1258	686
2680	3024
1415	3187
2000	2044
797	3841
1061	2463
2516	646
4965	1572
611	707
2786	2038
2425	1791
2382	2743
4972	2518
2707	2970
2287	0
811	3296
824	867
606	3634
4604	1945
2929	6
4320	1360
3463	4265
3545	1946
2845	844
4525	3378
2402	1068
2758	2985
1223	3637
1558	4538
683	540
707	4491
3099	2086
3200	4781
3897	3943
418	3043
4605	2721
4505	4220
3978	1217
3200	1345
568	2343
1769	1577
533	1987
3962	1274
1523	3539
3551	891
645	1186
303	3862
952	2424
2684	3212
1414	2712
2911	2952
1215	2983
501	4412
2516	647
1438	3396
453	2223
660	4673
3135	493
2395	974
3458	3417
1180	2554
3078	4206
3551	3687
4401	1638
255	3311
4063	584
2376	2083
346	1347
4189	24
2516	2750
3125	1669
2153	3949
2187	2980
2440	4582
2866	4554
1287	2034
1481	4153
3200	4878
2239	0
3826	2570
214	4268
4483	2873
2292	4649
1643	4504
1446	1281
847	3027
4971	1185
4189	3300
3899	4465
99	4076
533	1986
4231	3200
1847	1034
2218	3451
321	3042
3082	2162
4195	1055
2099	346
3551	890
3906	791
3743	4725
1065	3633
3551	967
286	3320
2467	137
1611	1613
1646	2389
1028	2341
3610	2518
3161	3162
2096	346
4244	463
4	1902
4550	1817
630	3066
4289	3014
2443	645
512	306
4137	4703
1814	3539
4170	639
3782	1743
2617	292
2337	2849
3200	4011
3416	4344
1984	2434
3346	3535
151	2847
4474	1622
1012	1326
4370	2497
2785	1732
2911	2785
1726	4603
2238	2935
1651	3469
2965	832
178	4474
1808	3211
2963	3502
2392	2915
1117	3142
2108	361
2758	3178
298	1123
551	3618
1953	1833
3248	2456
4457	3084
2423	1017
3551	3690
2819	1893
1438	3387
4365	4297
2964	1122
2795	0
2389	3649
3551	951
2723	119
2490	4956
2908	2770
4617	1203
4612	1094
3438	0
4119	755
4399	4188
4458	3988
4139	88
3586	2644
974	2395
151	2846
3536	1472
4229	4406
2125	3759
3125	1800
2611	4981
2182	3206
3551	3713
3360	2859
2112	3241
1921	4287
2049	4693
2339	3872
2027	3589
4058	1602
4467	1533
2114	4421
1634	1072
781	1905
1438	3384
1598	294
4979	1895
3182	1672
3312	3166
1322	4295
2381	4699
2392	2908
3001	2363
3484	2724
22	2472
2389	973
3104	3159
2814	3538
4126	667
4649	692
2173	341
2984	3183
1183	2658
4442	4934
3043	1694
2287	4665
4673	2833
4193	495
828	2804
3440	1452
3841	3105
3410	2808
3542	3672
40	491
1215	4520
141	3911
3785	3805
839	2320
3200	4252
975	2395
491	1688
3552	609
2339	3871
4147	4183
3451	3985
2339	2119
3972	191
2849	2337
1659	4262
1122	2964
4110	493
2125	4930
119	4484
3822	2354
1956	1814
3551	933
1021	266
4130	2870
13	2658
3307	2166
1918	510
2073	336
621	283
3036	3092
1822	1443
2483	1282
678	1627
3805	2692
1080	1833
2513	3422
4611	1596
2814	495
2944	1246
2194	3831
3831	171
3149	2638
3200	4866
2670	0
1465	4158
2225	583
1017	4679
3053	330
1651	3470
3552	3297
2825	1679
1823	4718
3824	2359
3251	4809
3972	196
2461	4450
3200	1350
2531	691
3185	1081
2306	1175
4939	4458
1877	3112
1972	4496
4344	814
2838	445
1336	139
3551	3704
2339	2649
3228	4039
624	3553
1322	4293
4668	1774
845	3794
2641	1449
4271	57
2146	2756
3551	928
766	3922
4123	1220
1780	4644
3941	2388
2173	4152
4729	4390
2803	828
3720	2073
2339	287
378	3318
2325	3507
3776	3360
4048	468
3200	4771
3044	783
3059	330
2949	2589
4379	1529
1657	2930
4302	2936
3933	668
1171	1768
2125	4928
1417	2466
506	4379
3841	2502
4001	492
1438	3391
3551	935
4496	1498
789	4683
4248	75
4744	634
297	2486
2724	332
3013	3459
3083	2939
3896	66
63	1405
240	4469
1948	4967
2658	13
3435	2075
3749	353
4716	1820
1143	408
4950	2456
3916	396
733	4550
459	1440
3102	4881
294	1653
3900	1532
3749	4281
406	2975
2732	4353
1805	1618
1100	3246
2419	4674
3312	2240
4715	2679
3940	3439
2110	1417
2562	1300
4379	1528
4747	3761
490	1616
256	598
3363	848
2339	3870
3023	2127
3153	2930
2334	2528
2488	764
3192	2502
1028	4662
3501	4661
1077	4434
1855	1215
654	3363
1055	3926
2003	3012
4967	1948
2291	4393
766	3273
2219	2926
4440	795
3355	542
1715	3182
734	4207
3042	1137
2458	1234
2993	579
4963	4316
1010	106
2949	235
1815	4712
3384	1438
981	3511
3200	4825
3354	937
3487	631
4716	1821
2727	3542
2455	3261
4094	1404
2321	3129
3269	15
3867	4140
493	1765
3841	499
4188	4399
1175	373
3200	4773
2344	3812
2784	982
2430	162
4881	1849
1917	4013
4211	3038
2942	356
1411	3595
867	824
2095	346
3761	2597
3551	4146
4978	2717
3456	3157
1027	1779
2032	2799
3200	4361
3551	929
1699	2170
4356	1747
1797	735
3958	125
671	3189
998	2680
1117	3803
3551	901
4599	3765
3458	1364
3554	495
1028	4380
3200	4870
1340	1433
1414	3587
3906	4278
2386	4904
246	2290
1552	727
4550	4400
3551	3712
2768	1167
4056	3636
1424	636
47	2704
2926	2219
3296	4550
1991	2131
2213	2089
305	262
2719	1039
1846	3262
2334	1032
323	3935
2794	2166
2987	4364
3200	4362
330	3055
2218	4615
2018	3343
4601	1574
2514	3277
2115	1927
687	2433
293	636
551	237
2426	4460
365	2074
3200	4871
4626	1976
172	1410
3967	506
356	4470
3944	702
3255	1539
1401	1294
2436	2252
365	2962
3972	193
1864	100
44	2738
2034	1287
4379	340
491	4636
4695	4951
1217	3978
264	388
1506	4720
2289	346
3856	306
3551	877
4553	1261
2286	548
2650	715
1261	4553
4393	2291
2926	4606
2832	441
1246	2944
1640	4332
564	373
1940	130
3972	1011
1650	4657
1267	2479
4881	3093
3530	4174
2962	481
3296	2090
4448	2792
3505	3551
3551	888
4525	1463
1970	4496
380	84
551	236
3805	3785
2770	3451
4211	2729
850	3825
2018	2712
3868	2727
1124	2387
2183	3809
3517	4486
3843	979
3329	2190
2637	4701
729	4236
1640	2712
1406	4103
4205	1015
2157	4881
2565	1335
1093	758
3603	4962
4356	3938
1848	4345
3622	2076
1244	3545
3410	3412
408	3127
3008	1126
2677	730
459	1439
290	1758
2269	2690
3755	3586
42	3878
3551	3688
4865	3200
4406	4229
1796	2710
3770	495
1716	3182
4189	109
1594	2829
3551	910
4193	4610
2921	219
2777	2931
3551	902
203	3228
418	0
3200	4829
1976	4625
516	4237
2125	4129
1976	4022
653	3450
2201	3222
245	2692
3200	219
2334	3940
3211	1755
2897	3902
1905	1026
1586	1582
4611	2013
1007	317
2430	166
646	3592
2891	4061
475	4048
2167	629
1914	2692
1774	4668
3200	776
1294	1878
3551	3689
3104	3223
316	3144
4413	1105
2494	309
992	330
1660	3410
249	2580
4239	3350
4203	1947
1805	1016
2519	4972
3958	1745
3246	444
1028	4659
1907	4567
511	2191
4241	1001
3362	3140
4601	4429
2391	3086
2125	2832
3422	2513
1537	4467
4992	367
1398	2543
1103	2631
4251	1461
4473	3574
136	2839
4319	308
1215	4421
1976	4626
2857	1760
316	4459
2419	4637
2278	3202
1489	4290
3157	3456
3916	4995
1969	135
4996	3632
3941	3448
4470	4543
631	3404
2700	47
3380	2294
2287	3306
2209	495
4148	2405
1353	2511
3086	4494
1978	1711
18	264
774	290
1752	3923
2163	0
115	737
3746	1138
4237	401
1657	4334
3551	940
1375	2724
1205	1668
4169	2741
1699	0
2724	331
3188	3781
549	2397
1410	2986
3	1902
380	1374
2678	987
168	2430
3422	395
523	3032
496	3219
2690	2269
3865	306
3587	4940
3211	3907
601	4265
2217	2924
275	2632
180	633
1255	4009
4195	4963
1938	3306
2910	3547
2268	3262
857	3464
38	4608
711	1532
1314	3332
2104	4923
2768	1156
1472	4016
3140	3594
1426	293
3899	392
2818	2570
326	2806
1592	3049
3255	1221
1487	2795
4271	2625
3021	1764
344	2733
3154	18
527	643
2249	3237
4550	4578
4158	1465
1949	1104
552	9
3200	4852
3829	914
1316	3163
1727	2785
4944	3261
3262	1846
1569	3569
1092	1594
570	4614
3930	90
837	3009
4212	4206
4554	2865
2044	511
3681	3542
3478	4062
1234	2458
3257	4675
497	2999
3373	542
3032	4976
4806	3086
17	2666
1016	4269
1037	3336
2768	1157
668	488
2430	165
19	116
1634	2726
4744	2306
1070	3537
2768	382
2203	1265
719	214
522	2389
2110	4618
4421	2114
3551	1363
1117	1805
4755	2807
2075	270
3028	1807
1524	4360
4568	3636
506	3967
3775	2886
1059	3633
2291	4966
2807	767
2965	830
4525	1458
4456	209
