68	726
754	1036
4992	4718
3273	769
4941	1198
3517	3520
1422	102
2879	387
2389	2753
2744	843
498	4234
3869	3892
497	2823
2197	4112
4217	4216
2916	1975
2197	779
3612	425
1443	3441
463	2671
4990	485
498	3768
2456	1391
1471	1123
715	2648
4114	3318
2919	2170
569	293
4299	2919
1990	1252
3771	498
4990	4992
4388	4389
4309	2170
843	652
3771	4705
4360	2299
1427	2922
4922	3558
4052	4053
641	143
2892	4559
3835	631
4287	1394
631	463
2781	1990
2798	4488
2660	1769
3817	4081
2755	2390
4227	4228
1734	293
2677	4383
4276	4273
1394	2456
1990	2192
3741	87
2811	2809
754	4706
1583	843
498	3771
1371	4141
2261	3527
1092	4217
2420	849
4497	760
4309	4299
1367	3558
3515	4247
2933	17
2355	2353
4922	1367
3454	497
1185	2410
493	426
4298	4944
223	3612
4237	4596
2307	1340
4421	5
3761	4750
4005	1048
979	2196
385	1374
2411	1398
4026	2692
1005	3329
4301	979
1371	4383
4053	3912
2538	4169
425	3612
189	2509
3749	2192
293	572
1035	3644
3090	2624
3592	2346
1245	1280
4023	726
4660	1427
93	387
4641	3496
1092	4218
4412	1422
3752	1263
2902	3471
2389	2220
140	3175
1398	3506
2692	726
3749	1656
275	4409
2671	631
4992	4990
843	4068
519	2011
569	2010
1483	2917
2373	2371
4956	1711
3912	4052
4347	2966
2110	368
2373	994
3017	727
2709	1483
559	1497
1298	1307
2390	2755
1443	3442
685	2384
498	3767
2456	1394
4228	2198
2641	1480
3950	1055
3614	4355
3352	538
3026	3851
3556	2472
3752	4292
2509	189
4382	843
2535	2536
3945	1967
4292	2261
4648	4033
1964	3749
4169	2536
3997	3996
306	3858
1399	2549
519	3519
2390	2753
3869	3888
750	914
3950	1901
2840	448
4412	102
2722	4666
4024	726
306	2007
2533	2527
4584	3316
2772	704
2746	4077
4756	3764
493	3740
4920	4428
3912	2855
2662	1769
1908	2637
2690	595
1869	2807
4234	498
4383	1371
4673	1670
2440	3002
272	2080
189	185
4150	2902
4043	4041
1964	1176
97	4846
2456	4287
4175	1260
1237	1185
2637	4164
1475	3419
3753	225
3441	718
293	2010
2916	3581
1367	4290
2709	2641
1093	2207
402	4018
4956	12
1342	1141
2472	4076
4992	658
4169	3679
4641	3299
68	87
4923	102
1116	2149
3541	497
3684	4301
4309	565
726	68
1100	1816
2347	206
1476	1478
2472	22
4221	534
4309	2919
1100	410
3273	4551
275	4410
3817	1853
1185	1237
4228	495
1480	2709
1964	2781
2390	2900
485	2986
4298	3591
2916	3582
2389	526
1990	2409
4424	2460
4529	1811
533	544
2011	519
726	4029
2709	1480
2633	2650
2674	2624
534	4221
1331	2609
3835	2648
2335	1185
3679	2536
249	1176
87	69
1211	123
2535	3679
2811	2812
1340	2328
3766	3767
4660	4992
2136	3813
4052	3912
602	4066
3496	3495
2772	275
4948	4018
4686	1666
4412	2931
2329	1478
4048	3318
3834	4082
2238	2892
1566	3923
630	1330
185	1547
4267	1306
2523	3570
2772	4139
4286	3076
105	103
2110	372
979	4301
1983	2389
1177	2192
1298	1303
2929	1347
1381	1379
631	2648
3423	718
2391	4274
4189	2953
846	326
1320	3357
1721	834
3607	1398
1367	2652
2692	74
2624	2674
1674	2798
1948	4282
1382	1381
2659	2661
2995	4475
3808	116
1185	2353
4920	2460
3514	3813
1237	2410
4234	3772
4497	3717
2536	4169
3888	3869
726	89
3615	1557
4023	68
3592	4298
3758	493
4936	4935
4282	573
3609	4051
2420	1557
3090	2674
4074	4964
3921	3274
4330	4044
4141	1371
1093	4285
2347	4958
4234	4705
1964	1256
410	1100
102	4412
876	1374
69	4029
843	4405
2261	4292
498	3769
685	1766
2018	3894
1483	2709
1868	1865
2127	3929
638	1298
1500	1497
4141	4383
3523	534
1565	3945
2659	2660
4497	1497
1581	1013
3975	3591
1924	1209
2275	573
2773	1943
914	4561
2879	2867
4052	3609
3533	385
3901	2080
2192	1245
3679	4169
979	3684
1475	2329
507	2486
3772	3771
2346	3975
3002	225
4189	211
2155	4529
4668	4485
3613	2420
2680	994
4267	4664
47	641
2389	2527
3196	2200
1868	1866
3273	4056
4169	2535
1188	1547
1056	1211
1975	3582
1382	1379
4944	3592
2389	2899
2509	1188
2809	2810
4389	4388
2335	1237
617	1100
2637	1908
2477	3636
1676	4488
718	3442
4267	2547
4051	3912
1376	419
4189	1053
187	1547
3769	498
4956	2495
631	2671
2018	3892
1565	4005
4546	4175
4375	2464
2198	4227
2798	1676
1676	1783
3442	1443
4118	752
1443	446
1583	1579
4228	4227
2389	2898
3353	3352
2391	534
4298	131
846	3252
1041	754
410	1816
1340	2789
4546	4245
1123	544
4726	2690
704	3403
4249	2682
3442	4350
3678	3542
1215	495
3419	1476
3294	4299
185	1410
2143	3514
1526	4943
2308	4249
4428	4424
631	709
2180	3838
3996	1339
1480	2917
4710	5
2136	2138
4590	2028
2487	3280
1100	620
1565	1558
4641	3495
4497	758
2692	244
3524	2772
2335	2410
3881	4666
4005	3945
2772	3524
3252	846
1394	1391
2532	3524
2509	187
4026	87
485	1427
272	3901
1811	1467
1674	4488
3519	2011
2389	1983
4062	2994
4023	4025
1828	1489
1342	1386
2532	2772
1547	2509
726	4023
3542	3680
2578	1800
2373	45
2420	127
4245	4546
68	4023
4005	1565
206	2347
4298	2346
3175	2308
140	4533
4037	4651
1035	2077
2389	2206
2443	1009
3750	3080
387	93
2933	2667
535	170
2207	1093
116	1337
2508	2487
3767	3771
760	3717
2509	324
3175	301
2127	3948
2533	2925
1872	1310
2207	4285
2254	4487
610	2491
2633	4046
631	3612
2855	4053
86	726
4489	1548
4292	3527
3303	3921
2855	3609
1443	4350
185	2304
718	3441
1327	306
2143	3813
3972	3077
1753	2746
4276	2630
2624	3090
2509	3481
4062	2991
3228	4041
4660	485
2304	183
4586	3419
3175	2682
4301	3684
4141	2677
2346	3591
1769	2659
3559	2472
116	4046
463	631
4046	2633
89	87
1581	3972
4992	485
4285	1093
3888	2018
3419	2329
1800	2578
3049	2290
1525	2875
3121	103
1443	1666
817	2748
2110	2627
631	2444
1547	3481
4710	4421
2855	4052
3609	4053
1671	2014
3430	2870
1866	2807
4757	4756
1143	1245
2088	2085
2680	999
4956	2491
1116	4093
1993	4508
4922	4290
1048	1568
189	190
1865	2807
760	758
781	491
463	3612
4044	3614
2018	3888
2748	1520
1395	3950
3749	1256
1723	2557
2557	1034
2188	1199
1557	127
3430	3429
2692	4028
4292	988
4936	598
4706	1036
4118	4342
2667	2933
4424	4428
3750	2477
1116	1245
3582	3581
1868	2807
3838	1936
2219	2271
2328	1340
3481	2509
4276	2629
2898	2533
718	1443
2262	547
1787	3545
4237	1526
2609	1330
4964	4074
1558	2856
4106	1407
2722	3881
293	1734
387	2879
4273	2629
87	4029
2748	821
4033	4651
2198	4228
4292	4642
4716	1198
2753	2228
3976	3517
2197	2892
4164	4175
3495	4641
715	709
2627	372
1579	843
3564	426
2781	1116
225	3002
3921	2874
2753	2900
2307	2328
754	1038
4425	2841
205	2898
1651	3471
1188	183
3481	1188
686	3684
2390	838
4650	4648
3837	727
1863	3049
3948	3929
4047	4650
402	4948
4485	2255
4705	3768
545	2262
2994	2991
1983	2898
4189	1047
185	183
4350	718
4650	4038
2781	2192
3541	2823
341	338
2972	2584
2641	1384
2671	3808
1395	4287
1674	1676
4762	4757
4670	2773
87	4028
2028	4591
2781	1143
2781	1256
2373	2680
4702	1800
1547	187
3972	320
3984	1558
2389	972
3945	3939
1936	2180
1865	1866
1936	3838
2256	2241
464	2039
3592	3591
4992	4660
779	4112
573	2275
714	2443
1877	232
4568	1796
2440	225
2180	1936
4114	4048
2308	4533
2373	999
2262	545
2682	3175
2390	2228
3581	3582
4654	4033
2523	834
4476	2995
572	560
4282	1948
2390	2389
3875	726
3684	686
1121	4033
3048	3019
4881	3098
610	4956
4068	652
1983	2234
3768	3766
2674	2216
116	2147
89	4024
3405	4529
1549	3017
2753	1983
2674	3090
1100	618
686	979
41	2002
1207	4237
714	1009
2212	4330
4164	1884
1990	3114
2389	971
625	2443
17	2933
2389	2907
4299	2170
4233	3050
1671	1482
116	978
631	2250
3767	3766
572	1734
2789	2837
1177	1176
3196	3222
4551	769
1422	4412
3271	2241
2198	495
4041	3228
4227	2198
2720	1306
4428	2460
3002	3753
1048	1967
2056	1411
3768	3767
2188	4345
2010	293
1651	4150
249	2192
89	3741
4033	4648
2861	4375
2456	1055
4093	1176
1769	2662
1547	189
2692	4024
1041	1040
2755	968
4044	4330
1048	2856
1967	1565
737	2646
1177	1245
2491	4956
2812	124
4529	3405
1176	1328
3592	3593
1723	1034
1009	2443
2277	2646
4023	89
1411	2070
249	1116
2650	116
4164	4081
1040	754
4298	3592
170	3181
2011	3519
3741	3875
4189	1044
2088	2376
3614	4330
2277	737
4938	3419
4807	2994
4546	4164
68	69
2916	2039
1769	2661
2823	3541
2892	2197
573	703
1379	1381
3764	4756
3495	3496
3746	1510
3080	3636
1399	781
3592	131
2755	2898
1339	3997
2077	1035
2902	4150
140	301
4287	1391
2254	2255
70	69
1491	4029
3405	1811
3021	2638
70	2692
2898	2389
86	87
1548	4076
1443	4686
1937	2509
326	846
3945	4005
87	4024
582	2002
89	4029
4155	4151
2184	765
1769	2660
4936	1430
2692	4026
1773	3076
2532	275
3442	718
1549	3837
4668	2254
1176	1253
4551	1296
4546	1884
2389	2904
2138	2136
426	493
2389	2234
4023	4029
544	533
3764	4757
1398	3607
1367	2844
1651	2902
4960	4018
1816	410
3294	4309
1209	1919
3771	3768
1990	2236
2390	2206
1339	3996
1510	1507
843	2235
1176	1245
4249	302
1480	2641
2390	2234
2420	3613
2261	988
69	87
1340	2837
4936	2558
1040	1037
4068	843
4033	4034
4670	1943
2609	630
534	450
2028	4584
2196	979
2682	140
3851	4551
2641	2709
3817	4175
4175	4164
1475	1476
2746	1142
68	3875
3766	498
1370	4347
244	87
1558	2380
4195	3921
2637	4175
3766	3772
1964	2236
2348	3638
2781	3114
715	628
2807	1868
781	1399
3070	3208
4018	402
3019	2712
4249	301
3054	3058
3717	760
3837	1549
573	1948
3644	2077
834	2523
3431	3430
2692	69
1297	3851
535	3181
834	3570
4686	1443
1983	2206
2040	1671
3772	3767
2390	2533
4264	3380
4382	1579
3582	2039
1123	369
4992	2986
2070	1411
2661	1769
1009	714
2127	1796
4018	4960
1975	2916
2390	968
4136	4388
1734	572
3481	1547
2335	2355
4285	2207
2487	2686
2629	4276
4650	4033
2443	625
189	324
1476	2329
3945	1048
3017	1549
69	2692
631	223
1475	1478
993	4255
87	4026
450	534
1964	2409
2389	838
779	2892
4046	2147
2789	1340
4052	2855
603	425
1303	638
372	2110
2390	2899
4382	4405
2070	2056
1399	491
2671	116
3005	1568
4136	4389
3560	2472
45	2373
2892	4112
4144	1342
4922	2844
187	2509
2798	1783
4762	3764
2376	1526
1013	3972
2879	93
2127	4568
2773	4670
718	4350
205	2390
4388	4136
4546	1908
4053	4051
2533	2900
1340	4095
2667	17
1562	2472
3767	4705
189	1547
4249	2308
2733	763
140	2682
2781	1280
1565	1048
116	2671
1983	2753
1048	3939
1497	1860
2690	2127
3545	2673
3746	1507
225	3753
2389	968
1176	2192
2991	4807
4048	4114
2662	2660
491	781
4046	978
2863	1215
3415	3880
2986	4660
1316	2638
2028	2849
1948	573
385	876
2744	4405
3294	2919
1424	3746
1185	2335
185	190
2256	3271
4648	4650
4216	1092
205	2389
2966	1495
2638	4178
2391	4221
4046	3808
1422	4923
3741	2692
4078	4075
2533	2899
4189	250
4023	244
3834	2219
4529	1467
1676	1674
2867	387
3741	726
1237	2335
3441	4350
1188	185
2039	1975
4733	2690
1381	1382
4217	4218
45	2371
2315	4074
4533	1713
4382	2744
1237	2355
2007	306
4705	3766
497	3541
2660	2662
4757	3764
1773	4286
2629	4273
686	2196
185	189
69	1491
293	560
491	1852
3442	3423
3481	183
4164	4988
4756	4757
4033	4037
4301	686
1975	464
1544	4076
2533	2898
4383	4141
534	4274
3570	3605
4533	3175
4529	1466
2456	3206
93	2879
530	643
3101	4881
2147	116
2733	2501
709	628
4434	341
2018	3869
2630	4276
3609	3912
1869	1868
718	446
4705	498
4345	1199
1342	1139
2390	972
2371	45
1331	630
4194	4936
2682	4533
3766	4705
244	4029
650	602
4237	1091
2010	569
2219	4082
3741	89
4750	4452
3805	4447
4273	4276
2753	2389
718	3423
326	3252
3592	3975
2196	686
4533	4249
2646	737
1904	3950
2781	2409
2241	2256
544	1123
726	3875
3948	3636
1478	2329
4733	2127
