0.1 808 8078 0.100024758604
0.3 2424 8078 0.300074275811
0.4 3232 8078 0.400099034414
0.1 808 8078 0.100024758604
0.3 2424 8078 0.300074275811
0.4 3232 8078 0.400099034414
0.1 808 8078 0.100024758604
0.3 2424 8078 0.300074275811
0.4 3232 8078 0.400099034414
0.1 808 8078 0.100024758604
0.3 2424 8078 0.300074275811
0.4 3232 8078 0.400099034414
0.2 1616 8078 0.200049517207
0.3 2424 8078 0.300074275811
0.4 3232 8078 0.400099034414
0.2 1616 8078 0.200049517207
0.3 2424 8078 0.300074275811
0.5 4040 8078 0.500123793018
0.2 1616 8078 0.200049517207
0.3 2424 8078 0.300074275811
0.5 4040 8078 0.500123793018
0.1 808 8078 0.100024758604
0.3 2424 8078 0.300074275811
0.5 4040 8078 0.500123793018
0.2 1616 8078 0.200049517207
0.3 2424 8078 0.300074275811
0.5 4040 8078 0.500123793018
0.2 1616 8078 0.200049517207
0.3 2424 8078 0.300074275811
0.5 4040 8078 0.500123793018
0.1 808 8078 0.100024758604
0.2 1616 8078 0.200049517207
0.4 3232 8078 0.400099034414
0.5 4040 8078 0.500123793018
0.1 808 8078 0.100024758604
0.2 1616 8078 0.200049517207
0.4 3232 8078 0.400099034414
0.5 4040 8078 0.500123793018
0.1 808 8078 0.100024758604
0.2 1616 8078 0.200049517207
0.4 3232 8078 0.400099034414
0.5 4040 8078 0.500123793018
0.1 808 8078 0.100024758604
0.2 1616 8078 0.200049517207
0.4 3232 8078 0.400099034414
0.5 4040 8078 0.500123793018
0.1 808 8078 0.100024758604
0.2 1616 8078 0.200049517207
0.4 3232 8078 0.400099034414
0.5 4040 8078 0.500123793018
--------- reading ../data/Undirected_Facebook/facebook_sybils_attackedge_10000.pkl


Tttack_edge size 10000 Done.....................


>>>>>>>>>>>>>>>>>>>>>>>>>>>>>>>> remain:  49
>>>>>>>>>>>>>>>>>>>>>>>>>>>>>>>> remain:  48
>>>>>>>>>>>>>>>>>>>>>>>>>>>>>>>> remain:  47
>>>>>>>>>>>>>>>>>>>>>>>>>>>>>>>> remain:  46
>>>>>>>>>>>>>>>>>>>>>>>>>>>>>>>> remain:  45
>>>>>>>>>>>>>>>>>>>>>>>>>>>>>>>> remain:  44
>>>>>>>>>>>>>>>>>>>>>>>>>>>>>>>> remain:  43
>>>>>>>>>>>>>>>>>>>>>>>>>>>>>>>> remain:  42
>>>>>>>>>>>>>>>>>>>>>>>>>>>>>>>> remain:  41
>>>>>>>>>>>>>>>>>>>>>>>>>>>>>>>> remain:  40
>>>>>>>>>>>>>>>>>>>>>>>>>>>>>>>> remain:  39
>>>>>>>>>>>>>>>>>>>>>>>>>>>>>>>> remain:  38
>>>>>>>>>>>>>>>>>>>>>>>>>>>>>>>> remain:  37
>>>>>>>>>>>>>>>>>>>>>>>>>>>>>>>> remain:  36
>>>>>>>>>>>>>>>>>>>>>>>>>>>>>>>> remain:  35
>>>>>>>>>>>>>>>>>>>>>>>>>>>>>>>> remain:  34
>>>>>>>>>>>>>>>>>>>>>>>>>>>>>>>> remain:  33
>>>>>>>>>>>>>>>>>>>>>>>>>>>>>>>> remain:  32
>>>>>>>>>>>>>>>>>>>>>>>>>>>>>>>> remain:  31
>>>>>>>>>>>>>>>>>>>>>>>>>>>>>>>> remain:  30
>>>>>>>>>>>>>>>>>>>>>>>>>>>>>>>> remain:  29
>>>>>>>>>>>>>>>>>>>>>>>>>>>>>>>> remain:  28
>>>>>>>>>>>>>>>>>>>>>>>>>>>>>>>> remain:  27
>>>>>>>>>>>>>>>>>>>>>>>>>>>>>>>> remain:  26
>>>>>>>>>>>>>>>>>>>>>>>>>>>>>>>> remain:  25
>>>>>>>>>>>>>>>>>>>>>>>>>>>>>>>> remain:  24
>>>>>>>>>>>>>>>>>>>>>>>>>>>>>>>> remain:  23
>>>>>>>>>>>>>>>>>>>>>>>>>>>>>>>> remain:  22
>>>>>>>>>>>>>>>>>>>>>>>>>>>>>>>> remain:  21
>>>>>>>>>>>>>>>>>>>>>>>>>>>>>>>> remain:  20
>>>>>>>>>>>>>>>>>>>>>>>>>>>>>>>> remain:  19
>>>>>>>>>>>>>>>>>>>>>>>>>>>>>>>> remain:  18
>>>>>>>>>>>>>>>>>>>>>>>>>>>>>>>> remain:  17
>>>>>>>>>>>>>>>>>>>>>>>>>>>>>>>> remain:  16
>>>>>>>>>>>>>>>>>>>>>>>>>>>>>>>> remain:  15
>>>>>>>>>>>>>>>>>>>>>>>>>>>>>>>> remain:  14
>>>>>>>>>>>>>>>>>>>>>>>>>>>>>>>> remain:  13
>>>>>>>>>>>>>>>>>>>>>>>>>>>>>>>> remain:  12
>>>>>>>>>>>>>>>>>>>>>>>>>>>>>>>> remain:  11
>>>>>>>>>>>>>>>>>>>>>>>>>>>>>>>> remain:  10
>>>>>>>>>>>>>>>>>>>>>>>>>>>>>>>> remain:  9
>>>>>>>>>>>>>>>>>>>>>>>>>>>>>>>> remain:  8
>>>>>>>>>>>>>>>>>>>>>>>>>>>>>>>> remain:  7
>>>>>>>>>>>>>>>>>>>>>>>>>>>>>>>> remain:  6
>>>>>>>>>>>>>>>>>>>>>>>>>>>>>>>> remain:  5
>>>>>>>>>>>>>>>>>>>>>>>>>>>>>>>> remain:  4
>>>>>>>>>>>>>>>>>>>>>>>>>>>>>>>> remain:  3
>>>>>>>>>>>>>>>>>>>>>>>>>>>>>>>> remain:  2
>>>>>>>>>>>>>>>>>>>>>>>>>>>>>>>> remain:  1
>>>>>>>>>>>>>>>>>>>>>>>>>>>>>>>> remain:  0
